-129.7132, -1.6547
-129.3667, -1.6547
-129.0202, -1.6547
-128.6737, -1.6547
-128.3272, -1.6547
-127.9807, -1.6547
-127.6341, -1.6547
-127.2877, -1.6547
-126.9409, -1.6092
-126.5944, -1.6092
-126.2477, -1.5636
-125.9012, -1.5636
-125.5547, -1.5636
-125.2082, -1.5636
-124.8617, -1.5636
-124.5152, -1.5636
-124.1687, -1.5636
-123.8222, -1.5636
-123.4755, -1.5182
-123.129, -1.5182
-122.7825, -1.5182
-122.436, -1.5182
-122.0895, -1.5182
-121.7429, -1.5182
-121.3965, -1.5182
-121.05, -1.5182
-120.7035, -1.5182
-120.357, -1.5182
-120.0103, -1.4727
-119.6638, -1.4727
-119.3173, -1.4727
-118.9708, -1.4727
-118.6242, -1.4727
-118.2778, -1.4727
-117.9313, -1.4727
-117.5845, -1.4272
-117.238, -1.4272
-116.8915, -1.4272
-116.545, -1.4272
-116.1983, -1.3817
-115.8518, -1.3817
-115.5053, -1.3817
-115.1588, -1.3817
-114.8123, -1.3817
-114.4658, -1.3817
-114.1193, -1.3817
-113.7728, -1.3817
-113.4261, -1.3362
-113.0796, -1.3362
-112.733, -1.3362
-112.3866, -1.3362
-112.0401, -1.3362
-111.6936, -1.3362
-111.3471, -1.3362
-111.0006, -1.3362
-110.6541, -1.3362
-110.3073, -1.2906
-109.9607, -1.2906
-109.6143, -1.2906
-109.2678, -1.2906
-108.9213, -1.2906
-108.5748, -1.2906
-108.2283, -1.2906
-107.8818, -1.2906
-107.5351, -1.2451
-107.1886, -1.2451
-106.842, -1.2451
-106.4956, -1.2451
-106.1489, -1.1996
-105.8024, -1.1996
-105.4559, -1.1996
-105.1094, -1.1996
-104.7629, -1.1996
-104.4163, -1.1996
-104.0699, -1.1996
-103.7234, -1.1996
-103.3769, -1.1996
-103.0302, -1.1541
-102.6837, -1.1541
-102.6834, -1.1086
-102.3369, -1.1086
-101.9904, -1.1086
-101.6439, -1.1086
-101.2974, -1.1086
-100.9508, -1.1086
-100.6044, -1.1086
-100.2579, -1.1086
-99.9114, -1.1086
-99.5649, -1.1086
-99.2182, -1.0631
-98.8717, -1.0631
-98.5252, -1.0631
-98.1787, -1.0631
-97.8322, -1.0631
-97.4855, -1.0176
-97.139, -1.0176
-96.7925, -1.0176
-96.446, -1.0176
-96.0993, -0.972
-95.7528, -0.972
-95.4062, -0.972
-95.0598, -0.972
-94.7133, -0.972
-94.3668, -0.972
-94.0203, -0.972
-93.6735, -0.9264
-93.327, -0.9264
-92.9805, -0.9264
-92.634, -0.9264
-92.2873, -0.881
-91.9407, -0.881
-91.5943, -0.881
-91.2478, -0.881
-90.9013, -0.881
-90.5548, -0.881
-90.2083, -0.881
-89.8618, -0.881
-89.5152, -0.881
-89.1686, -0.8355
-88.8221, -0.8355
-88.4756, -0.8355
-88.1291, -0.8355
-87.7826, -0.8355
-87.4361, -0.8355
-87.0896, -0.8355
-86.7431, -0.8355
-86.3963, -0.79
-86.0498, -0.79
-85.7033, -0.79
-85.3568, -0.79
-85.0103, -0.79
-84.6638, -0.79
-84.3173, -0.79
-83.9708, -0.79
-83.6242, -0.79
-83.2776, -0.7445
-82.9311, -0.7445
-82.5846, -0.7445
-82.2381, -0.7445
-81.8916, -0.7445
-81.5451, -0.7445
-81.1985, -0.7445
-80.8521, -0.7445
-80.5053, -0.6989
-80.1589, -0.6989
-79.8124, -0.6989
-79.4659, -0.6989
-79.1194, -0.6989
-78.7729, -0.6989
-78.4264, -0.6989
-78.0799, -0.6989
-77.7334, -0.6989
-77.3867, -0.6534
-77.0402, -0.6534
-76.6937, -0.6534
-76.3472, -0.6534
-76.0004, -0.6078
-75.6539, -0.6078
-75.3074, -0.6078
-74.9609, -0.6078
-74.6143, -0.6078
-74.2679, -0.6078
-73.9214, -0.6078
-73.5749, -0.6078
-73.2282, -0.5624
-72.8817, -0.5624
-72.5352, -0.5624
-72.1887, -0.5624
-71.8422, -0.5624
-71.4957, -0.5624
-71.1492, -0.5624
-70.8027, -0.5624
-70.4562, -0.5624
-70.1097, -0.5624
-69.7631, -0.5624
-69.4167, -0.5624
-69.07, -0.5169
-68.7235, -0.5169
-68.377, -0.5169
-68.0305, -0.5169
-67.684, -0.5169
-67.3375, -0.5169
-66.991, -0.5169
-66.6442, -0.4714
-66.2977, -0.4714
-65.951, -0.4259
-65.6045, -0.4259
-65.258, -0.4259
-64.9115, -0.4259
-64.565, -0.4259
-64.2185, -0.4259
-63.8719, -0.4259
-63.5253, -0.3804
-63.1788, -0.3804
-62.8323, -0.3804
-62.4858, -0.3804
-62.1391, -0.3349
-61.7926, -0.3349
-61.4461, -0.3349
-61.0996, -0.3349
-60.753, -0.3349
-60.4066, -0.3349
-60.0601, -0.3349
-59.7136, -0.3349
-59.3671, -0.3349
-59.0206, -0.3349
-58.6741, -0.3349
-58.3276, -0.3349
-57.9811, -0.3349
-57.6346, -0.3349
-57.2878, -0.2893
-56.9413, -0.2893
-56.5948, -0.2893
-56.2483, -0.2893
-55.9016, -0.2438
-55.5551, -0.2438
-55.2086, -0.2438
-54.862, -0.2438
-54.5156, -0.2438
-54.1691, -0.2438
-53.8226, -0.2438
-53.4761, -0.2438
-53.1296, -0.2438
-52.7829, -0.1983
-52.4364, -0.1983
-52.0897, -0.1528
-51.7431, -0.1528
-51.3967, -0.1528
-51.0502, -0.1528
-50.7037, -0.1528
-50.3572, -0.1528
-50.0107, -0.1528
-49.6642, -0.1528
-49.3174, -0.1073
-48.9708, -0.1073
-48.6244, -0.1073
-48.2779, -0.1073
-47.9314, -0.1073
-47.5847, -0.0618
-47.2382, -0.0618
-46.8917, -0.0618
-46.5452, -0.0618
-46.1985, -0.0163
-45.8519, -0.0163
-45.5055, -0.0163
-45.159, -0.0163
-44.8122, 0.0293
-44.4657, 0.0293
-44.1192, 0.0293
-43.7727, 0.0293
-43.426, 0.0748
-43.0795, 0.0748
-42.733, 0.0748
-42.3865, 0.0748
-42.0398, 0.1203
-41.6933, 0.1203
-41.3466, 0.1658
-41.0001, 0.1658
-40.6533, 0.2113
-40.3066, 0.2568
-39.9601, 0.2568
-39.6134, 0.3023
-39.2667, 0.3479
-38.9199, 0.3934
-38.5732, 0.4389
-38.2265, 0.4844
-37.8798, 0.5299
-37.533, 0.5754
-37.1865, 0.5754
-36.8397, 0.6209
-36.4931, 0.6663
-36.4929, 0.712
-36.1461, 0.7574
-35.7993, 0.803
-35.4527, 0.8485
-35.106, 0.894
-35.1057, 0.9395
-34.759, 0.9849
-34.4123, 1.0306
-34.4121, 1.0761
-34.0653, 1.1216
-33.7186, 1.1671
-33.3719, 1.2126
-33.0252, 1.2581
-33.0249, 1.3035
-32.6782, 1.3492
-32.3315, 1.3947
-31.9848, 1.4402
-31.638, 1.4857
-31.2913, 1.5312
-30.9445, 1.5767
-30.9444, 1.6221
-30.5976, 1.6678
-30.2509, 1.7133
-30.2507, 1.7588
-29.9039, 1.8043
-29.5572, 1.8498
-29.557, 1.8953
-29.2103, 1.9407
-28.8635, 1.9863
-28.8633, 2.0319
-28.5166, 2.0774
-28.5164, 2.1229
-28.5161, 2.1684
-28.1694, 2.2139
-28.1692, 2.2594
-27.8227, 2.2594
-27.476, 2.3049
-27.4757, 2.3505
-27.129, 2.396
-27.1288, 2.4415
-26.7821, 2.487
-26.4353, 2.5325
-26.4351, 2.5779
-26.0884, 2.6235
-26.0882, 2.6691
-25.7414, 2.7146
-25.7412, 2.7601
-25.3945, 2.8056
-25.0478, 2.8511
-25.0475, 2.8965
-24.7008, 2.9421
-24.7006, 2.9876
-24.3538, 3.0332
-24.3536, 3.0787
-24.0069, 3.1242
-23.6602, 3.1697
-23.66, 3.2152
-23.3132, 3.2607
-23.313, 3.3062
-22.9663, 3.3518
-22.9661, 3.3973
-22.6193, 3.4428
-22.6191, 3.4883
-22.2724, 3.5338
-22.2722, 3.5793
-21.9254, 3.6248
-21.5787, 3.6703
-21.232, 3.7159
-21.2318, 3.7614
-20.885, 3.8069
-20.5383, 3.8524
-20.5381, 3.8979
-20.1914, 3.9434
-19.8446, 3.9889
-19.4979, 4.0345
-19.1512, 4.08
-19.1509, 4.1255
-18.8042, 4.171
-18.4575, 4.2165
-18.1108, 4.262
-18.1105, 4.3075
-18.1103, 4.3531
-17.7635, 4.3986
-17.7633, 4.4441
-17.4169, 4.4441
-17.0701, 4.4896
-16.7234, 4.5351
-16.7231, 4.5806
-16.3765, 4.6261
-16.3761, 4.6717
-16.0295, 4.7172
-15.6827, 4.7627
-15.6825, 4.8082
-15.3361, 4.8082
-14.9893, 4.8537
-14.9891, 4.8992
-14.6423, 4.9447
-14.2957, 4.9902
-13.9489, 5.0358
-13.9487, 5.0813
-13.6019, 5.1268
-13.2553, 5.1723
-13.255, 5.2178
-12.9083, 5.2633
-12.9081, 5.3088
-12.5614, 5.3544
-12.2146, 5.3999
-12.2144, 5.4454
-11.8679, 5.4454
-11.5211, 5.4909
-11.1745, 5.5364
-11.1742, 5.5819
-10.8275, 5.6274
-10.4808, 5.673
-10.1341, 5.7185
-9.7873, 5.764
-9.4405, 5.8094
-9.0939, 5.855
-8.7471, 5.9005
-8.4003, 5.946
-8.4002, 5.9915
-8.0535, 6.0371
-8.0532, 6.0826
-7.7065, 6.128
-7.3598, 6.1736
-7.0131, 6.2191
-6.6663, 6.2646
-6.3195, 6.3101
-5.9729, 6.3557
-5.9727, 6.4012
-5.6259, 6.4466
-5.2792, 6.4922
-4.9325, 6.5377
-4.9323, 6.5832
-4.5855, 6.6287
-4.2388, 6.6743
-4.2386, 6.7198
-3.8919, 6.7652
-3.5451, 6.8108
-3.1984, 6.8563
-3.1982, 6.9018
-2.8515, 6.9473
-2.8512, 6.9928
-2.5045, 7.0384
-2.1578, 7.0839
-1.8111, 7.1294
-1.4643, 7.1749
-1.1176, 7.2204
-0.7709, 7.2659
-0.4242, 7.3114
-0.0774, 7.357
0.2692, 7.4025
0.616, 7.448
0.9627, 7.4935
1.3094, 7.539
1.6562, 7.5845
2.0029, 7.63
2.0031, 7.6756
2.3498, 7.721
2.6966, 7.7666
3.0431, 7.7666
3.3896, 7.7666
3.3898, 7.8121
3.7363, 7.8121
3.7365, 7.8576
4.0833, 7.9031
4.43, 7.9485
4.7767, 7.9941
5.1235, 8.0397
5.4702, 8.0852
5.4704, 8.1307
5.8169, 8.1307
5.8171, 8.1762
6.1636, 8.1762
6.1639, 8.2217
6.5104, 8.2217
6.5106, 8.2671
6.8571, 8.2671
7.2036, 8.2671
7.5503, 8.3127
7.897, 8.3583
7.8973, 8.4038
7.8975, 8.4493
8.2442, 8.4948
8.5907, 8.4948
8.5909, 8.5403
8.9377, 8.5857
9.2844, 8.6313
9.6311, 8.6768
9.9778, 8.7224
10.3243, 8.7224
10.3246, 8.7679
10.6711, 8.7679
10.6713, 8.8134
11.0178, 8.8134
11.018, 8.8589
11.3647, 8.9043
11.7115, 8.9499
12.0582, 8.9954
12.0584, 9.041
12.4051, 9.0865
12.7519, 9.132
13.0984, 9.132
13.4449, 9.132
13.4451, 9.1775
13.4453, 9.223
13.7917, 9.223
13.792, 9.2685
14.1388, 9.314
14.4855, 9.3596
14.8322, 9.4051
15.1787, 9.4051
15.1789, 9.4506
15.5253, 9.4506
15.5257, 9.4961
15.8721, 9.4961
15.8723, 9.5415
16.2191, 9.5871
16.5657, 9.6326
16.9123, 9.6326
17.2588, 9.6326
17.6056, 9.6782
17.9523, 9.7237
17.9525, 9.7692
17.9527, 9.8147
18.2993, 9.8147
18.646, 9.8601
18.9927, 9.9057
19.3394, 9.9512
19.6859, 9.9512
20.0327, 9.9967
20.0329, 10.0423
20.3794, 10.0423
20.3796, 10.0878
20.7261, 10.0878
20.7263, 10.1333
21.0728, 10.1333
21.4196, 10.1788
21.7663, 10.2243
21.7665, 10.2698
22.113, 10.2698
22.4597, 10.3153
22.46, 10.3609
22.8065, 10.3609
23.153, 10.3609
23.4997, 10.4064
23.8464, 10.4519
24.1931, 10.4974
24.5399, 10.5429
24.5401, 10.5884
24.8866, 10.5884
25.2333, 10.6339
25.58, 10.6795
25.9268, 10.725
26.2732, 10.725
26.62, 10.7705
26.9667, 10.8159
27.3134, 10.8615
27.6602, 10.907
28.0067, 10.907
28.3534, 10.9525
28.7001, 10.998
28.7003, 11.0436
29.0471, 11.0891
29.0473, 11.1346
29.3938, 11.1346
29.394, 11.1801
29.7405, 11.1801
29.7407, 11.2256
30.0872, 11.2256
30.0875, 11.2711
30.434, 11.2711
30.4342, 11.3166
30.7807, 11.3166
30.7809, 11.3622
31.1276, 11.4077
31.4744, 11.4532
31.8211, 11.4987
32.1678, 11.5442
32.5146, 11.5897
32.8613, 11.6352
33.208, 11.6808
33.5545, 11.6808
33.5547, 11.7263
33.555, 11.7718
33.9015, 11.7718
34.248, 11.7718
34.2482, 11.8173
34.5947, 11.8173
34.5949, 11.8628
34.9414, 11.8628
34.9416, 11.9083
35.2881, 11.9083
35.2884, 11.9538
35.6349, 11.9538
35.9816, 11.9992
36.3283, 12.0449
36.675, 12.0904
37.0218, 12.1359
37.3685, 12.1814
37.7151, 12.2269
38.0619, 12.2724
38.0622, 12.3179
38.0624, 12.3635
38.4089, 12.3635
38.4091, 12.409
38.7558, 12.4545
39.1023, 12.4545
39.1026, 12.5
39.4491, 12.5
39.4493, 12.5455
39.7957, 12.5455
39.796, 12.591
40.1425, 12.591
40.1427, 12.6364
40.4895, 12.6821
40.8362, 12.7276
40.8364, 12.7731
41.1831, 12.8186
41.5299, 12.8641
41.8766, 12.9096
42.2233, 12.955
42.2235, 13.0007
42.5703, 13.0462
42.917, 13.0917
43.2637, 13.1372
43.6104, 13.1827
43.9572, 13.2282
44.3039, 13.2737
44.6505, 13.3192
44.9973, 13.3648
45.3441, 13.4102
45.6907, 13.4558
46.0375, 13.5013
46.3843, 13.5468
46.3845, 13.5923
46.7311, 13.6378
47.0779, 13.6834
47.4247, 13.7288
47.4249, 13.7744
47.7715, 13.8199
48.1183, 13.8654
48.1186, 13.9109
48.4651, 13.9109
48.8117, 13.9564
49.1585, 14.002
49.5051, 14.0475
49.5055, 14.093
49.8521, 14.1385
50.1989, 14.184
50.5455, 14.2295
50.5459, 14.275
50.8925, 14.3205
51.2393, 14.366
51.5859, 14.4116
51.5863, 14.4571
51.933, 14.5026
51.9332, 14.5481
52.2799, 14.5936
52.6267, 14.6391
52.6269, 14.6846
52.9734, 14.6846
53.3201, 14.7302
53.6667, 14.7757
53.6671, 14.8212
54.0138, 14.8667
54.3605, 14.9122
54.7072, 14.9577
54.7075, 15.0033
55.0542, 15.0488
55.4009, 15.0943
55.7476, 15.1398
55.7479, 15.1853
56.0946, 15.2308
56.4413, 15.2763
56.4415, 15.3218
56.7883, 15.3674
57.135, 15.4129
57.4817, 15.4584
57.482, 15.5039
57.8287, 15.5493
57.8289, 15.5949
58.1756, 15.6404
58.1759, 15.686
58.5226, 15.7315
58.8693, 15.777
59.216, 15.8225
59.5628, 15.8679
59.563, 15.9135
59.9097, 15.959
59.9099, 16.0046
60.2567, 16.0501
60.6034, 16.0956
60.6036, 16.1411
60.9503, 16.1865
60.9506, 16.2321
61.2973, 16.2776
61.644, 16.3231
61.6442, 16.3687
61.991, 16.4142
61.9912, 16.4597
61.9914, 16.5051
62.3381, 16.5507
62.6848, 16.5962
63.0316, 16.6417
63.0318, 16.6873
63.3785, 16.7328
63.3788, 16.7783
63.7255, 16.8237
63.7257, 16.8693
64.0724, 16.9148
64.0727, 16.9603
64.4194, 17.0059
64.4196, 17.0514
64.7663, 17.0969
64.7666, 17.1424
65.1133, 17.1879
65.1135, 17.2334
65.4602, 17.2789
65.4605, 17.3244
65.8072, 17.37
65.8074, 17.4155
66.1541, 17.461
66.1544, 17.5065
66.5011, 17.552
66.5013, 17.5975
66.8479, 17.643
66.8483, 17.6886
67.195, 17.7341
67.1952, 17.7795
67.542, 17.8251
67.5422, 17.8706
67.5424, 17.9161
67.8891, 17.9616
67.8894, 18.0072
68.2361, 18.0527
68.5828, 18.0982
68.583, 18.1437
68.5833, 18.1892
68.93, 18.2347
68.9302, 18.2802
69.2769, 18.3256
69.2772, 18.3713
69.6239, 18.4168
69.624, 18.4623
69.6242, 18.5078
69.971, 18.5533
69.9713, 18.5988
70.318, 18.6442
70.3182, 18.6899
70.3185, 18.7354
70.6652, 18.7809
70.6654, 18.8264
70.6656, 18.8719
71.0124, 18.9174
71.0126, 18.9628
71.0128, 19.0085
71.3595, 19.054
71.3598, 19.0995
71.7065, 19.145
71.7067, 19.1905
71.7069, 19.236
71.7072, 19.2814
72.0537, 19.2814
72.4003, 19.327
72.4006, 19.3726
72.7473, 19.4181
72.7476, 19.4636
72.7478, 19.5091
73.0945, 19.5546
73.0947, 19.6
73.4415, 19.6456
73.4417, 19.6912
73.4419, 19.7367
73.7886, 19.7822
73.7889, 19.8277
74.1356, 19.8732
74.1358, 19.9186
74.136, 19.9642
74.4828, 20.0098
74.483, 20.0553
74.8296, 20.1008
74.8298, 20.1463
74.8302, 20.1918
75.1769, 20.2373
75.1771, 20.2828
75.1774, 20.3283
75.5241, 20.3739
75.5243, 20.4194
75.871, 20.4649
75.8713, 20.5104
75.8715, 20.5558
76.2182, 20.6014
76.2184, 20.6469
76.5652, 20.6925
76.5654, 20.738
76.5655, 20.7835
76.9123, 20.829
76.9125, 20.8745
77.2593, 20.92
77.2595, 20.9655
77.2597, 21.0111
77.6065, 21.0566
77.6067, 21.1021
77.6069, 21.1476
77.9536, 21.1931
77.9539, 21.2386
78.3006, 21.2841
78.6473, 21.3296
78.6475, 21.3752
78.6478, 21.4207
78.648, 21.4662
78.9947, 21.5117
78.9949, 21.5572
78.9952, 21.6027
79.3418, 21.6482
79.3421, 21.6938
79.3423, 21.7393
79.6891, 21.7848
79.6893, 21.8303
79.6895, 21.8758
80.0362, 21.9213
80.0365, 21.9668
80.0367, 22.0124
80.3834, 22.0579
80.3836, 22.1034
80.3839, 22.1489
80.7306, 22.1944
80.7308, 22.2399
80.7309, 22.2854
81.0778, 22.3309
81.078, 22.3765
81.0782, 22.422
81.0784, 22.4675
81.0787, 22.513
81.4254, 22.5585
81.4256, 22.604
81.7721, 22.604
81.7723, 22.6495
81.7726, 22.6951
81.7728, 22.7406
81.773, 22.7861
82.1197, 22.8316
82.12, 22.8771
82.1202, 22.9226
82.4668, 22.9681
82.4672, 23.0137
82.4674, 23.0592
82.4676, 23.1047
82.8143, 23.1502
82.8146, 23.1957
82.8148, 23.2412
83.1615, 23.2867
83.1617, 23.3322
83.162, 23.3778
83.1622, 23.4233
83.5089, 23.4687
83.5091, 23.5143
83.5093, 23.5598
83.5096, 23.6053
83.8563, 23.6508
83.8565, 23.6964
83.8568, 23.7419
84.2035, 23.7873
84.2037, 23.8329
84.2039, 23.8784
84.2042, 23.9239
84.5509, 23.9694
84.5511, 24.015
84.5513, 24.0605
84.5516, 24.106
84.8982, 24.1515
84.8984, 24.197
84.8987, 24.2425
85.2455, 24.288
85.2457, 24.3336
85.2459, 24.3791
85.2461, 24.4245
85.5929, 24.4701
85.5931, 24.5156
85.5933, 24.5611
85.5935, 24.6066
85.9403, 24.6521
85.9405, 24.6977
85.9407, 24.7431
85.9409, 24.7887
86.2877, 24.8342
86.2879, 24.8797
86.2881, 24.9252
86.2883, 24.9707
86.6351, 25.0163
86.6353, 25.0618
86.6355, 25.1073
86.9822, 25.1528
86.9825, 25.1983
86.9827, 25.2438
86.9828, 25.2893
87.3296, 25.3349
87.3299, 25.3804
87.3301, 25.4259
87.3303, 25.4714
87.677, 25.5169
87.6773, 25.5624
87.6775, 25.6078
87.6777, 25.6534
87.6779, 25.6989
88.0247, 25.7445
88.0249, 25.79
88.3716, 25.8355
88.7183, 25.881
88.7186, 25.9264
88.7187, 25.972
88.7189, 26.0176
88.7193, 26.0631
88.7195, 26.1086
88.7197, 26.1541
88.7199, 26.1996
89.0667, 26.2451
89.0669, 26.2906
89.4136, 26.3362
89.4138, 26.3817
89.4141, 26.4272
89.4143, 26.4727
89.4144, 26.5182
89.4147, 26.5636
89.7614, 26.6092
89.7617, 26.6547
89.7619, 26.7003
90.1086, 26.7458
90.1089, 26.7913
