#DataThief /Users/harish/Desktop/IbTX-sensitive current.png Wednesday 1-Aug-2012 4:00:04 PM
-60.0007, -0.1584
-59.8286, -0.1581
-59.6566, -0.1577
-59.4845, -0.1574
-59.3111, 0.1598
-59.1391, 0.1601
-58.967, 0.1605
-58.795, 0.1608
-58.623, 0.1611
-58.4509, 0.1615
-58.2789, 0.1618
-58.1068, 0.1622
-57.9348, 0.1625
-57.7627, 0.1628
-57.5907, 0.1632
-57.4187, 0.1635
-57.2466, 0.1639
-57.0746, 0.1642
-56.9024, 0.1645
-56.7305, 0.1649
-56.5584, 0.1652
-56.3864, 0.1656
-56.2143, 0.1659
-56.0423, 0.1663
-55.8702, 0.1666
-55.6982, 0.1669
-55.5262, 0.1673
-55.3541, 0.1676
-55.1821, 0.168
-55.01, 0.1683
-54.838, 0.1686
-54.6659, 0.169
-54.4939, 0.1693
-54.3219, 0.1697
-54.1498, 0.17
-53.9778, 0.1703
-53.8056, 0.1707
-53.6337, 0.171
-53.4616, 0.1714
-53.2896, 0.1717
-53.1175, 0.172
-52.9455, 0.1724
-52.7734, 0.1727
-52.6014, 0.1731
-52.4294, 0.1734
-52.2572, 0.1737
-52.0853, 0.1741
-51.9132, 0.1743
-51.7412, 0.1748
-51.5691, 0.1751
-51.3971, 0.1755
-51.2251, 0.1758
-51.053, 0.1761
-50.881, 0.1764
-50.7088, 0.1768
-50.5369, 0.1772
-50.3648, 0.1775
-50.1928, 0.1778
-50.0207, 0.1782
-49.8487, 0.1785
-49.6766, 0.1789
-49.5046, 0.1792
-49.3326, 0.1795
-49.1605, 0.1799
-48.9885, 0.1802
-48.8164, 0.1806
-48.6444, 0.1809
-48.4723, 0.1812
-48.3003, 0.1816
-48.1282, 0.1819
-47.9562, 0.1823
-47.7842, 0.1826
-47.612, 0.1829
-47.4401, 0.1833
-47.268, 0.1836
-47.096, 0.184
-46.9239, 0.1843
-46.7519, 0.1846
-46.5798, 0.185
-46.4078, 0.1853
-46.2358, 0.1857
-46.0637, 0.186
-45.8917, 0.1864
-45.7196, 0.1867
-45.5476, 0.187
-45.3755, 0.1874
-45.2035, 0.1877
-45.0314, 0.1881
-44.8594, 0.1884
-44.6874, 0.1887
-44.5152, 0.1891
-44.3433, 0.1894
-44.1712, 0.1898
-43.9992, 0.1901
-43.8271, 0.1904
-43.6551, 0.1908
-43.483, 0.1911
-43.311, 0.1915
-43.139, 0.1918
-42.9668, 0.1921
-42.7949, 0.1925
-42.6228, 0.1928
-42.4508, 0.1932
-42.2787, 0.1935
-42.1067, 0.1938
-41.9346, 0.1942
-41.7626, 0.1945
-41.5906, 0.1949
-41.4184, 0.1952
-41.2465, 0.1956
-41.0744, 0.1959
-40.9024, 0.1962
-40.7303, 0.1966
-40.5583, 0.1969
-40.3862, 0.1973
-40.2142, 0.1976
-40.0422, 0.1979
-39.87, 0.1983
-39.6981, 0.1985
-39.526, 0.199
-39.354, 0.1993
-39.1819, 0.1996
-39.0099, 0.2
-38.8378, 0.2003
-38.6658, 0.2006
-38.4938, 0.201
-38.3216, 0.2013
-38.1497, 0.2017
-37.9776, 0.202
-37.8056, 0.2024
-37.6335, 0.2027
-37.4615, 0.203
-37.2894, 0.2034
-37.1174, 0.2037
-36.9454, 0.2041
-36.7732, 0.2044
-36.6013, 0.2046
-36.4292, 0.2051
-36.2572, 0.2054
-36.0851, 0.2058
-35.9131, 0.2061
-35.741, 0.2065
-35.569, 0.2068
-35.397, 0.2071
-35.2248, 0.2075
-35.0529, 0.2078
-34.8808, 0.2082
-34.7088, 0.2085
-34.5367, 0.2088
-34.3647, 0.2092
-34.1926, 0.2095
-34.0206, 0.2099
-33.8486, 0.2102
-33.6764, 0.2105
-33.5045, 0.2109
-33.3324, 0.2112
-33.1604, 0.2116
-32.9883, 0.2119
-32.8163, 0.2122
-32.6442, 0.2126
-32.4722, 0.2129
-32.3002, 0.2133
-32.128, 0.2136
-31.9561, 0.2139
-31.784, 0.2143
-31.612, 0.2146
-31.4399, 0.215
-31.2679, 0.2153
-31.0958, 0.2157
-30.9238, 0.216
-30.7518, 0.2163
-30.5796, 0.2167
-30.4077, 0.217
-30.2356, 0.2174
-30.0636, 0.2177
-29.8915, 0.218
-29.7195, 0.2184
-29.5474, 0.2187
-29.3754, 0.2191
-29.2034, 0.2194
-29.0313, 0.2197
-28.8593, 0.2201
-28.6872, 0.2204
-28.5152, 0.2208
-28.3431, 0.2211
-28.1711, 0.2214
-27.999, 0.2218
-27.827, 0.2221
-27.655, 0.2225
-27.4828, 0.2227
-27.3109, 0.2231
-27.1388, 0.2235
-26.9668, 0.2238
-26.7947, 0.2242
-26.6227, 0.2245
-26.4506, 0.2248
-26.2786, 0.2252
-26.1066, 0.2255
-25.9344, 0.2259
-25.7625, 0.2262
-25.5904, 0.2266
-25.4184, 0.2269
-25.2463, 0.2272
-25.0743, 0.2276
-24.9022, 0.2279
-24.7302, 0.2283
-24.5582, 0.2286
-24.386, 0.2288
-24.2141, 0.2293
-24.042, 0.2296
-23.87, 0.23
-23.6979, 0.2303
-23.5259, 0.2306
-23.3538, 0.231
-23.1818, 0.2313
-23.0098, 0.2317
-22.8377, 0.232
-22.6657, 0.2323
-22.4936, 0.2327
-22.3216, 0.233
-22.1495, 0.2334
-21.9775, 0.2337
-21.8054, 0.234
-21.6334, 0.2344
-21.4614, 0.2347
-21.2893, 0.2351
-21.1173, 0.2354
-20.9452, 0.2358
-20.7732, 0.2361
-20.6011, 0.2364
-20.4291, 0.2368
-20.257, 0.2371
-20.085, 0.2375
-19.913, 0.2378
-19.7409, 0.2381
-19.5689, 0.2385
-19.3968, 0.2388
-19.2248, 0.2392
-19.0527, 0.2395
-18.8807, 0.2398
-18.7086, 0.2402
-18.5366, 0.2405
-18.3646, 0.2409
-18.1925, 0.2412
-18.0205, 0.2415
-17.8484, 0.2419
-17.6764, 0.2422
-17.5043, 0.2426
-17.3323, 0.2429
-17.1602, 0.2432
-16.9882, 0.2436
-16.8162, 0.2439
-16.6441, 0.2443
-16.4721, 0.2446
-16.3, 0.245
-16.128, 0.2453
-15.9559, 0.2456
-15.7839, 0.246
-15.6118, 0.2463
-15.4398, 0.2467
-15.2678, 0.2469
-15.0957, 0.2473
-14.9237, 0.2477
-14.7516, 0.248
-14.5796, 0.2484
-14.4075, 0.2487
-14.2355, 0.249
-14.0634, 0.2494
-13.8914, 0.2497
-13.7194, 0.2501
-13.5473, 0.2504
-13.3753, 0.2507
-13.2032, 0.2511
-13.0312, 0.2514
-12.8591, 0.2518
-12.6871, 0.2521
-12.515, 0.2524
-12.343, 0.2528
-12.171, 0.253
-11.9989, 0.2535
-11.8269, 0.2538
-11.6548, 0.2541
-11.4828, 0.2545
-11.3107, 0.2548
-11.1387, 0.2551
-10.9666, 0.2555
-10.7946, 0.2559
-10.6226, 0.2562
-10.4505, 0.2565
-10.2785, 0.2569
-10.1064, 0.2572
-9.9344, 0.2576
-9.7623, 0.2579
-9.5903, 0.2582
-9.4182, 0.2586
-9.2462, 0.2589
-9.0742, 0.2593
-8.9021, 0.2596
-8.7301, 0.2599
-8.558, 0.2603
-8.386, 0.2606
-8.2139, 0.261
-8.0419, 0.2612
-7.8698, 0.2616
-7.6978, 0.262
-7.5258, 0.2623
-7.3537, 0.2627
-7.1817, 0.263
-7.0096, 0.2633
-6.8376, 0.2637
-6.6655, 0.264
-6.4935, 0.2644
-6.3214, 0.2647
-6.1494, 0.2651
-5.9774, 0.2654
-5.8053, 0.2657
-5.6333, 0.2661
-5.4612, 0.2664
-5.2892, 0.2668
-5.1171, 0.2671
-4.9451, 0.2674
-4.773, 0.2678
-4.601, 0.2681
-4.429, 0.2685
-4.2569, 0.2688
-4.0849, 0.2691
-3.9127, 0.2695
-3.7408, 0.2698
-3.5687, 0.2702
-3.3967, 0.2705
-3.2246, 0.2708
-3.0526, 0.2711
-2.8806, 0.2715
-2.7085, 0.2719
-2.5365, 0.2722
-2.3644, 0.2725
-2.1924, 0.2729
-2.0203, 0.2732
-1.8483, 0.2736
-1.6762, 0.2739
-1.5042, 0.2742
-1.3322, 0.2746
-1.1601, 0.2749
-0.9881, 0.2753
-0.8159, 0.2756
-0.644, 0.276
-0.4719, 0.2763
-0.2999, 0.2766
-0.1278, 0.277
0.0442, 0.2772
0.2162, 0.2777
0.3883, 0.278
0.5603, 0.2783
0.7324, 0.2787
0.9043, 0.279
1.0765, 0.2793
1.2485, 0.2797
1.4205, 0.28
1.5926, 0.2804
1.7646, 0.2807
1.9367, 0.2811
2.1087, 0.2814
2.2808, 0.2817
2.4527, 0.2821
2.6249, 0.2824
2.7969, 0.2828
2.9689, 0.2831
3.141, 0.2833
3.313, 0.2838
3.4851, 0.2841
3.6571, 0.2845
3.8292, 0.2848
4.0012, 0.2852
4.1733, 0.2854
4.3453, 0.2858
4.5173, 0.2862
4.6894, 0.2865
4.8614, 0.2869
5.0335, 0.2872
5.2055, 0.2875
5.3776, 0.2879
5.5495, 0.2882
5.7217, 0.2886
5.8937, 0.2889
6.0658, 0.2892
6.2378, 0.2896
6.4098, 0.2899
6.5819, 0.2903
6.7539, 0.2906
6.926, 0.2909
7.098, 0.2913
7.2701, 0.2916
7.4421, 0.292
7.6141, 0.2923
7.7862, 0.2926
7.9582, 0.293
8.1303, 0.2933
8.3023, 0.2937
8.4744, 0.294
8.6463, 0.2943
8.8185, 0.2947
8.9905, 0.295
9.1626, 0.2953
9.3346, 0.2957
9.5066, 0.2961
9.6787, 0.2964
9.8507, 0.2967
10.0228, 0.2971
10.1948, 0.2974
10.3669, 0.2978
10.5389, 0.2981
10.7109, 0.2984
10.883, 0.2988
11.055, 0.2991
11.2271, 0.2995
11.3991, 0.2998
11.5712, 0.3001
11.7431, 0.3005
11.9153, 0.3008
12.0873, 0.3012
12.2594, 0.3014
12.4314, 0.3018
12.6035, 0.3022
12.7755, 0.3025
12.9475, 0.3029
13.1196, 0.3032
13.2916, 0.3035
13.4637, 0.3039
13.6357, 0.3042
13.8077, 0.3046
13.9798, 0.3049
14.1519, 0.3053
14.3239, 0.3056
14.4959, 0.3059
14.668, 0.3063
14.8399, 0.3066
15.0121, 0.307
15.1841, 0.3073
15.3562, 0.3075
15.5282, 0.308
15.7003, 0.3083
15.8723, 0.3087
16.0443, 0.309
16.2164, 0.3093
16.3884, 0.3096
16.5605, 0.31
16.7325, 0.3104
16.9045, 0.3107
17.0766, 0.311
17.2487, 0.3114
17.4207, 0.3117
17.5927, 0.3121
17.7648, 0.3124
17.9367, 0.3127
18.1089, 0.3131
18.2809, 0.3134
18.453, 0.3138
18.625, 0.3141
18.7971, 0.3144
18.9691, 0.3148
19.1411, 0.3151
19.3132, 0.3155
19.4852, 0.3158
19.6573, 0.3162
19.8293, 0.3165
20.0014, 0.3168
20.1734, 0.3172
20.3455, 0.3175
20.5175, 0.3179
20.6895, 0.3182
20.8616, 0.3185
21.0336, 0.3189
21.2057, 0.3192
21.3777, 0.3195
21.5497, 0.3199
21.7218, 0.3202
21.8939, 0.3206
22.0659, 0.3209
22.2379, 0.3213
22.41, 0.3216
22.5819, 0.3219
22.7541, 0.3223
22.9261, 0.3226
23.0982, 0.323
23.2702, 0.3233
23.4423, 0.3235
23.6143, 0.324
23.7863, 0.3243
23.9584, 0.3247
24.1304, 0.325
24.3025, 0.3254
24.4745, 0.3256
24.6465, 0.326
24.8186, 0.3264
24.9907, 0.3267
25.1627, 0.3271
25.3347, 0.3274
25.5068, 0.3277
25.6787, 0.3281
25.8509, 0.3284
26.0229, 0.3288
26.195, 0.3291
26.367, 0.3294
26.5391, 0.3298
26.7111, 0.3301
26.8831, 0.3305
27.0552, 0.3308
27.2272, 0.3311
27.3993, 0.3315
27.5713, 0.3317
27.7433, 0.3322
27.9154, 0.3325
28.0875, 0.3328
28.2595, 0.3332
28.4315, 0.3335
28.6036, 0.3338
28.7755, 0.3342
28.9477, 0.3345
29.1197, 0.3349
29.2918, 0.3352
29.4638, 0.3356
29.6359, 0.3359
29.8079, 0.3363
29.9799, 0.3366
30.152, 0.3369
30.324, 0.3373
30.4961, 0.3376
30.6681, 0.338
30.8401, 0.3383
31.0122, 0.3386
31.1843, 0.339
31.3563, 0.3393
31.5283, 0.3397
31.7004, 0.34
31.8723, 0.3403
32.0445, 0.3407
32.2165, 0.341
32.3886, 0.3414
32.5606, 0.3417
32.7327, 0.342
32.9047, 0.3424
33.0767, 0.3427
33.2488, 0.3431
33.4208, 0.3434
33.5929, 0.3437
33.7649, 0.3441
33.937, 0.3444
34.109, 0.3448
34.2811, 0.3451
34.4531, 0.3455
34.6251, 0.3458
34.7972, 0.3461
34.9691, 0.3465
35.1413, 0.3468
35.3133, 0.3472
35.4854, 0.3475
35.6574, 0.3477
35.8295, 0.3482
36.0015, 0.3485
36.1735, 0.3489
36.3456, 0.3492
36.5175, 0.3495
36.6897, 0.3498
36.8617, 0.3502
37.0338, 0.3506
37.2058, 0.3509
37.3779, 0.3512
37.5513, 0.6684
37.7233, 0.6688
37.8954, 0.6691
38.0674, 0.6694
38.2394, 0.6698
38.4115, 0.6701
38.5835, 0.6705
38.7556, 0.6707
38.9276, 0.6711
39.0997, 0.6715
39.2717, 0.6718
39.4438, 0.6722
39.6158, 0.6724
39.7877, 0.6728
39.9599, 0.6732
40.1319, 0.6735
40.304, 0.6739
40.476, 0.6742
40.6494, 0.9914
40.8215, 0.9917
40.9935, 0.9921
41.1656, 0.9924
41.3376, 0.9927
41.5096, 0.9931
41.6817, 0.9933
41.8537, 0.9938
42.0258, 0.9941
42.1978, 0.9945
42.3712, 1.3115
42.5433, 1.312
42.7153, 1.3123
42.8874, 1.3126
43.0594, 1.313
43.2315, 1.3133
43.4035, 1.3136
43.5755, 1.314
43.7476, 1.3144
43.9196, 1.3147
44.0917, 1.315
44.2637, 1.3154
44.4358, 1.3157
44.6078, 1.3161
44.7799, 1.3164
44.9533, 1.6336
45.1253, 1.6339
45.2974, 1.6343
45.4694, 1.6346
45.6414, 1.6349
45.8135, 1.6353
45.9855, 1.6356
46.1576, 1.636
46.3296, 1.6362
46.503, 1.9535
46.6751, 1.9538
46.8471, 1.9542
47.0192, 1.9545
47.1912, 1.9548
47.3632, 1.9552
47.5352, 1.9555
47.7073, 1.9559
47.8794, 1.9562
48.0528, 2.2734
48.2248, 2.2737
48.3969, 2.2741
48.5689, 2.2744
48.741, 2.2747
48.913, 2.2751
49.0851, 2.2753
49.257, 2.2758
49.4304, 2.5929
49.6026, 2.5933
49.7746, 2.5936
49.9466, 2.5939
50.1187, 2.5943
50.2907, 2.5946
50.4628, 2.595
50.6348, 2.5953
50.8069, 2.5957
50.9803, 2.9127
51.1522, 2.9132
51.3244, 2.9135
51.4978, 3.2307
51.6698, 3.231
51.8418, 3.2314
52.0139, 3.2317
52.1859, 3.2321
52.358, 3.2324
52.53, 3.2327
52.7034, 3.5499
52.8755, 3.5502
53.0475, 3.5506
53.2196, 3.5509
53.3916, 3.5513
53.5636, 3.5516
53.737, 3.8688
53.9091, 3.8691
54.0812, 3.8695
54.2532, 3.8698
54.4266, 4.187
54.5987, 4.1873
54.7707, 4.1877
54.9426, 4.188
55.1148, 4.1883
55.2882, 4.5055
55.4602, 4.5059
55.6322, 4.5062
55.8043, 4.5065
55.9764, 4.5069
56.1484, 4.5072
56.3218, 4.8244
56.4939, 4.8247
56.6659, 4.8251
56.838, 4.8254
57.0114, 5.1426
57.1834, 5.1429
57.3555, 5.1433
57.5289, 5.4605
57.7008, 5.4607
57.873, 5.4611
58.0464, 5.7783
58.2184, 5.7787
58.3904, 5.779
58.5625, 5.7793
58.7345, 5.7797
58.9079, 6.0968
59.08, 6.0972
59.252, 6.0975
59.4254, 6.4147
59.5975, 6.415
59.7694, 6.4154
59.9428, 6.7326
60.115, 6.7328
60.2884, 7.0501
60.4604, 7.0504
60.6324, 7.0508
60.8045, 7.0511
60.9779, 7.3683
61.15, 7.3686
61.322, 7.369
61.4954, 7.6861
61.6675, 7.6865
61.8395, 7.6867
62.0129, 8.004
62.185, 8.0043
62.3584, 8.3215
62.5304, 8.3218
62.7038, 8.639
62.8759, 8.6394
63.0493, 8.9565
63.2213, 8.9569
63.3947, 9.274
63.5668, 9.2744
63.7402, 9.5916
63.9122, 9.5918
64.0856, 9.9091
64.2577, 9.9094
64.4311, 10.2266
64.6031, 10.2269
64.7765, 10.5441
64.9485, 10.5445
65.1206, 10.5448
65.294, 10.862
65.4674, 11.1791
65.6395, 11.1795
65.8129, 11.4967
65.9863, 11.8138
66.1597, 12.131
66.3317, 12.1313
66.5051, 12.4485
66.6785, 12.7657
66.8506, 12.766
67.024, 13.0832
67.1974, 13.4003
67.3695, 13.4007
67.5429, 13.7179
67.5442, 14.0347
67.7176, 14.3519
67.8897, 14.3523
68.0631, 14.6694
68.2365, 14.9866
68.4099, 15.3038
68.5833, 15.621
68.7567, 15.9381
68.9287, 15.9385
69.1022, 16.2556
69.2756, 16.5728
69.449, 16.89
69.6223, 17.2072
69.7957, 17.5243
69.9691, 17.8415
70.1426, 18.1587
70.316, 18.4759
70.4894, 18.793
70.4908, 19.1099
70.6627, 19.1102
70.8362, 19.4274
71.0083, 19.4277
71.0097, 19.7446
71.011, 20.0614
71.1831, 20.0617
71.1844, 20.3786
71.3565, 20.3789
71.5285, 20.3793
71.5299, 20.6961
71.5312, 21.0129
71.7033, 21.0133
71.7046, 21.3301
71.878, 21.6473
72.0501, 21.6476
72.2221, 21.648
72.3955, 21.9651
72.569, 22.2823
72.5703, 22.5991
72.7437, 22.9163
72.745, 23.2332
72.9184, 23.5503
73.0919, 23.8675
73.2652, 24.1847
73.4374, 24.185
73.6094, 24.1854
73.7828, 24.5025
73.7842, 24.8194
73.9562, 24.8197
73.9576, 25.1365
74.1296, 25.1369
74.131, 25.4537
74.303, 25.4541
74.4764, 25.7711
74.4778, 26.0881
74.4792, 26.4049
74.6526, 26.7221
74.826, 27.0393
74.998, 27.0396
74.9994, 27.3564
75.1714, 27.3568
75.3448, 27.674
75.5182, 27.991
75.6916, 28.3083
75.693, 28.6251
75.8664, 28.9423
76.0398, 29.2595
76.2119, 29.2598
76.2132, 29.5767
76.3853, 29.577
76.3866, 29.8938
76.5587, 29.8942
76.56, 30.211
76.7335, 30.5282
76.9055, 30.5285
76.9069, 30.8454
76.9082, 31.1622
77.0816, 31.4794
77.255, 31.7965
77.4271, 31.7969
77.4284, 32.1137
77.6019, 32.4309
77.7753, 32.7481
77.9487, 33.0652
78.1207, 33.0656
78.1221, 33.3824
78.2955, 33.6996
78.2968, 34.0164
78.4703, 34.3336
78.6437, 34.6508
78.8171, 34.968
78.9905, 35.2851
79.1639, 35.6023
79.3373, 35.9195
79.5107, 36.2367
79.6841, 36.5537
79.6855, 36.8707
79.8589, 37.1878
80.0323, 37.505
80.2057, 37.8222
80.3791, 38.1394
80.5525, 38.4565
80.7259, 38.7737
80.7273, 39.0905
80.9007, 39.4077
81.0741, 39.7248
81.2475, 40.0421
81.4209, 40.3592
81.4223, 40.6761
81.5957, 40.9933
81.7691, 41.3104
81.9425, 41.6276
82.1159, 41.9447
82.2893, 42.262
82.2907, 42.5788
82.4641, 42.896
82.4654, 43.2128
82.6388, 43.53
82.8122, 43.8472
82.9857, 44.1643
82.987, 44.4812
83.1604, 44.7983
83.3338, 45.1155
83.5072, 45.4327
83.6806, 45.7499
83.854, 46.067
83.8554, 46.3839
84.0288, 46.701
84.2022, 47.0182
84.2036, 47.3351
84.377, 47.6522
84.5504, 47.9694
84.5518, 48.2862
84.7252, 48.6034
84.8986, 48.9205
85.072, 49.2378
85.0734, 49.5546
85.2468, 49.8718
85.4202, 50.189
85.4215, 50.5058
85.5949, 50.823
85.5963, 51.1398
85.7697, 51.457
85.7711, 51.7738
85.9445, 52.091
86.1179, 52.4082
86.1192, 52.725
86.2927, 53.0422
86.294, 53.359
86.4674, 53.6762
86.6408, 53.9933
86.6421, 54.3102
86.8155, 54.6274
86.9889, 54.9445
86.9904, 55.2614
87.1638, 55.5785
87.1651, 55.8954
87.3385, 56.2126
87.3399, 56.5293
87.5133, 56.8466
87.5147, 57.1634
87.6881, 57.4806
87.6895, 57.7974
87.8629, 58.1146
87.8641, 58.4314
88.0376, 58.7486
88.039, 59.0654
88.2124, 59.3826
88.2138, 59.6994
88.3872, 60.0166
88.3885, 60.3334
88.3899, 60.6503
88.5633, 60.9675
88.7367, 61.2846
88.7381, 61.6015
88.9115, 61.9186
88.9127, 62.2355
89.0862, 62.5526
89.0876, 62.8695
89.089, 63.1863
89.2624, 63.5034
89.2637, 63.8203
89.2651, 64.1372
89.4385, 64.4543
89.4399, 64.7711
89.6133, 65.0883
89.6146, 65.4052
89.7881, 65.7224
89.7894, 66.0392
89.7908, 66.3559
89.9642, 66.6732
89.9655, 66.99
90.139, 67.3072
90.1403, 67.624
90.3136, 67.9412
90.3151, 68.258
90.3165, 68.5749
90.4899, 68.8921
90.4912, 69.2089
90.6646, 69.5261
90.666, 69.8429
90.6674, 70.1597
90.8408, 70.4769
90.842, 70.7936
91.0155, 71.1109
91.0169, 71.4278
91.0183, 71.7446
91.1917, 72.0618
91.193, 72.3786
91.3664, 72.6958
91.3678, 73.0126
91.3692, 73.3294
91.5426, 73.6465
91.5439, 73.9635
91.7173, 74.2806
91.7187, 74.5975
91.7201, 74.9143
91.8935, 75.2315
91.8948, 75.5483
91.8961, 75.8651
92.0695, 76.1823
92.071, 76.4992
92.2444, 76.8163
92.2457, 77.1332
92.2471, 77.45
92.4205, 77.7671
92.4219, 78.084
92.4232, 78.4008
92.5966, 78.718
92.5979, 79.0348
92.7713, 79.3519
92.7728, 79.6689
92.7741, 79.9857
92.9475, 80.3029
92.9489, 80.6197
92.9503, 80.9365
93.1237, 81.2537
93.125, 81.5705
93.1264, 81.8874
93.2998, 82.2046
93.3012, 82.5213
93.4746, 82.8386
93.4759, 83.1554
93.4773, 83.4722
93.6507, 83.7894
93.6521, 84.1062
93.6534, 84.4231
93.8268, 84.7403
93.8282, 85.0571
93.8296, 85.3739
94.003, 85.6911
94.0043, 86.0079
94.0057, 86.3248
94.1791, 86.6419
94.1804, 86.9588
94.3538, 87.2759
94.3552, 87.5928
94.3566, 87.9096
94.53, 88.2268
94.5314, 88.5436
94.5327, 88.8605
94.7061, 89.1776
94.7075, 89.4945
94.7088, 89.8113
94.8822, 90.1285
94.8836, 90.4453
94.885, 90.7621
95.0584, 91.0793
95.0598, 91.3961
95.0611, 91.713
95.0625, 92.0298
95.2359, 92.347
95.2373, 92.6638
95.2386, 92.9807
95.412, 93.2978
95.4134, 93.6147
95.4148, 93.9315
95.5882, 94.2487
95.5895, 94.5655
95.5909, 94.8824
95.7643, 95.1995
95.7657, 95.5164
95.767, 95.8332
95.9404, 96.1504
95.9418, 96.4672
95.9432, 96.784
96.1166, 97.1012
96.1179, 97.4181
96.1193, 97.7349
96.1207, 98.0517
96.2941, 98.3689
96.2953, 98.6857
96.2968, 99.0026
96.4702, 99.3197
96.4716, 99.6366
96.4729, 99.9534
96.4743, 100.2702
96.6477, 100.5874
96.6491, 100.9043
96.6503, 101.2211
96.8237, 101.5383
96.8252, 101.8551
96.8265, 102.1719
97.0, 102.4891
97.0013, 102.8058
97.0027, 103.1228
97.1761, 103.44
97.1774, 103.7568
97.1788, 104.0735
97.3522, 104.3908
97.3536, 104.7076
97.3549, 105.0245
97.3563, 105.3413
97.5297, 105.6585
97.5311, 105.9752
97.5324, 106.2921
97.5338, 106.609
97.7072, 106.9262
97.7086, 107.2429
97.7099, 107.5598
97.7113, 107.8767
97.8847, 108.1938
97.886, 108.5107
97.8874, 108.8275
97.8888, 109.1443
98.0622, 109.4615
98.0636, 109.7783
98.0649, 110.0952
98.0663, 110.412
98.0677, 110.7288
98.2411, 111.046
98.2424, 111.3629
98.2438, 111.6797
98.2451, 111.9965
98.4186, 112.3136
98.4199, 112.6305
98.4213, 112.9474
98.4226, 113.2642
98.596, 113.5814
98.5974, 113.8982
98.5988, 114.215
98.6, 114.5319
98.7734, 114.8491
98.7749, 115.1659
98.7763, 115.4827
98.7776, 115.7995
98.951, 116.1167
98.9524, 116.4336
98.9538, 116.7504
98.955, 117.0672
98.9565, 117.3841
98.9579, 117.7008
99.1313, 118.0181
99.1326, 118.3349
99.306, 118.6521
99.3074, 118.9689
99.3088, 119.2858
99.3101, 119.6026
99.3115, 119.9194
99.3128, 120.2363
99.3142, 120.5531
99.4876, 120.8702
99.4889, 121.1871
99.4903, 121.5039
99.6637, 121.8211
99.6651, 122.138
99.6665, 122.4548
99.6678, 122.7715
99.6692, 123.0885
99.6705, 123.4053
99.8439, 123.7225
99.8453, 124.0393
99.8467, 124.3561
99.8481, 124.673
100.0215, 124.9901
100.0228, 125.307
100.0242, 125.6238
100.0256, 125.9405
100.0269, 126.2575
100.2003, 126.5747
100.2017, 126.8915
100.203, 127.2083
100.2044, 127.5252
100.2058, 127.842
100.2071, 128.1588
100.2085, 128.4757
100.3819, 128.7928
100.3833, 129.1097
100.3846, 129.4264
100.386, 129.7433
100.3874, 130.0602
100.3887, 130.377
100.3901, 130.6938
100.3914, 131.0107
100.3928, 131.3275
100.5662, 131.6447
100.5676, 131.9615
100.5689, 132.2784
100.5703, 132.5952
100.5716, 132.912
100.573, 133.2288
100.5744, 133.5457
100.5758, 133.8625
100.5771, 134.1794
100.5785, 134.4962
100.5798, 134.813
100.5812, 135.1299
100.5826, 135.4466
100.756, 135.7639
100.7572, 136.0807
100.7587, 136.3975
100.7601, 136.7144
100.7614, 137.0312
100.7628, 137.3479
100.7642, 137.6649
100.7654, 137.9817
100.7669, 138.2985
100.7682, 138.6154
