	-98.7305  ,	-50.0488 
	-98.6023  ,	-43.9453 
	-98.5229  ,	-53.7109 
	-98.4314  ,	-50.9644 
	-98.3215  ,	-50.0488 
	-98.2056  ,	-48.5229 
	-98.1262  ,	-54.9316 
	-98.0103  ,	-52.4902 
	-97.9126  ,	-51.2695 
	-97.8394  ,	-53.4058 
	-97.6929  ,	-57.373	 
	-97.644	  ,	-54.0161 
	-97.5464  ,	-53.7109 
	-97.4243  ,	-59.8145 
	-97.3206  ,	-61.3403 
	-97.2168  ,	-61.3403 
	-97.1436  ,	-51.8799 
	-97.0337  ,	-57.0679 
	-96.9177  ,	-59.8145 
	-96.8018  ,	-62.8662 
	-96.7285  ,	-54.6265 
	-96.6125  ,	-54.9316 
	-96.5271  ,	-54.3213 
	-96.4294  ,	-58.8989 
	-96.3257  ,	-52.1851 
	-96.2585  ,	-49.1333 
	-96.1182  ,	-51.2695 
	-96.051	  ,	-52.4902 
	-95.9473  ,	-47.6074 
	-95.813	  ,	-54.0161 
	-95.7336  ,	-52.1851 
	-95.6116  ,	-42.7246 
	-95.5322  ,	-50.6592 
	-95.4407  ,	-54.9316 
	-95.3308  ,	-47.6074 
	-95.2271  ,	-48.2178 
	-95.1172  ,	-47.3022 
	-95.05	  ,	-51.8799 
	-94.9158  ,	-49.7437 
	-94.8303  ,	-52.1851 
	-94.7449  ,	-50.0488 
	-94.6472  ,	-46.3867 
	-94.5068  ,	-41.8091 
	-94.4397  ,	-40.8936 
	-94.3237  ,	-38.7573 
	-94.2383  ,	-47.6074 
	-94.1467  ,	-44.5557 
	-94.043	  ,	-45.7764 
	-93.927	  ,	-49.4385 
	-93.8354  ,	-50.6592 
	-93.7439  ,	-44.2505 
	-93.6279  ,	-48.5229 
	-93.5181  ,	-41.5039 
	-93.4326  ,	-50.354	 
	-93.3289  ,	-55.542	 
	-93.2495  ,	-53.1006 
	-93.1396  ,	-48.5229 
	-93.0237  ,	-50.6592 
	-92.9321  ,	-44.8608 
	-92.865	  ,	-49.7437 
	-92.7307  ,	-48.8281 
	-92.6331  ,	-46.6919 
	-92.5537  ,	-46.6919 
	-92.4316  ,	-48.2178 
	-92.3584  ,	-50.354	 
	-92.2363  ,	-50.6592 
	-92.1387  ,	-43.335	 
	-92.041	  ,	-41.8091 
	-91.9373  ,	-44.8608 
	-91.8579  ,	-47.9126 
	-91.7542  ,	-45.7764 
	-91.6565  ,	-44.5557 
	-91.5466  ,	-49.7437 
	-91.4307  ,	-49.1333 
	-91.3513  ,	-46.0815 
	-91.2292  ,	-51.8799 
	-91.1499  ,	-44.8608 
	-91.0278  ,	-40.8936 
	-90.9668  ,	-42.1143 
	-90.8569  ,	-35.7056 
	-90.7532  ,	-42.1143 
	-90.6677  ,	-48.2178 
	-90.5518  ,	-47.9126 
	-90.4358  ,	-48.5229 
	-90.3625  ,	-47.6074 
	-90.2405  ,	-49.7437 
	-90.1428  ,	-44.8608 
	-90.0269  ,	-46.0815 
	-89.9292  ,	-43.335	 
	-89.8438  ,	-40.8936 
	-89.7644  ,	-44.5557 
	-89.6362  ,	-40.5884 
	-89.5569  ,	-45.166	 
	-89.4714  ,	-37.5366 
	-89.3311  ,	-35.7056 
	-89.27	  ,	-33.5693 
	-89.1724  ,	-36.3159 
	-89.0686  ,	-36.3159 
	-88.9587  ,	-40.5884 
	-88.8428  ,	-46.3867 
	-88.7573  ,	-41.5039 
	-88.6414  ,	-45.166	 
	-88.562	  ,	-43.9453 
	-88.4583  ,	-43.335	 
	-88.3484  ,	-39.6729 
	-88.2629  ,	-40.2832 
	-88.147	  ,	-44.2505 
	-88.0493  ,	-45.4712 
	-87.97	  ,	-41.5039 
	-87.854	  ,	-42.7246 
	-87.7563  ,	-41.8091 
	-87.6526  ,	-42.4194 
	-87.5732  ,	-39.0625 
	-87.4634  ,	-37.8418 
	-87.3657  ,	-38.7573 
	-87.262	  ,	-37.2314 
	-87.1399  ,	-36.3159 
	-87.0605  ,	-34.4849 
	-86.9385  ,	-43.0298 
	-86.8652  ,	-40.8936 
	-86.7615  ,	-39.6729 
	-86.6577  ,	-43.9453 
	-86.554	  ,	-39.978	 
	-86.438	  ,	-39.978	 
	-86.3525  ,	-38.7573 
	-86.2366  ,	-43.335	 
	-86.1633  ,	-39.6729 
	-86.0474  ,	-40.5884 
	-85.9741  ,	-39.6729 
	-85.8582  ,	-45.166	 
	-85.7483  ,	-39.978	 
	-85.6628  ,	-37.2314 
	-85.5774  ,	-39.978	 
	-85.4553  ,	-40.8936 
	-85.3638  ,	-41.1987 
	-85.2539  ,	-35.7056 
	-85.1563  ,	-40.5884 
	-85.0647  ,	-39.978	 
	-84.9609  ,	-36.0107 
	-84.8511  ,	-39.3677 
	-84.7473  ,	-38.147	 
	-84.6619  ,	-38.7573 
	-84.5398  ,	-33.2642 
	-84.4482  ,	-34.4849 
	-84.3689  ,	-39.3677 
	-84.2529  ,	-39.978	 
	-84.1553  ,	-35.7056 
	-84.0576  ,	-35.4004 
	-83.9539  ,	-34.4849 
	-83.8623  ,	-36.6211 
	-83.7769  ,	-42.1143 
	-83.6609  ,	-40.2832 
	-83.5571  ,	-39.978	 
	-83.4717  ,	-36.0107 
	-83.3801  ,	-39.0625 
	-83.2703  ,	-40.8936 
	-83.1604  ,	-45.166	 
	-83.0505  ,	-37.8418 
	-82.9773  ,	-38.4521 
	-82.8674  ,	-37.5366 
	-82.7698  ,	-38.147	 
	-82.666	  ,	-35.0952 
	-82.5867  ,	-35.4004 
	-82.4768  ,	-37.2314 
	-82.3792  ,	-34.1797 
	-82.2815  ,	-36.6211 
	-82.1655  ,	-30.8228 
	-82.0679  ,	-39.6729 
	-81.958	  ,	-34.1797 
	-81.8665  ,	-31.1279 
	-81.7688  ,	-33.5693 
	-81.665	  ,	-35.7056 
	-81.5735  ,	-33.5693 
	-81.4514  ,	-31.4331 
	-81.3782  ,	-28.6865 
	-81.2683  ,	-34.79	 
	-81.1707  ,	-35.0952 
	-81.0791  ,	-39.6729 
	-80.9509  ,	-36.3159 
	-80.8533  ,	-39.0625 
	-80.7495  ,	-37.2314 
	-80.6519  ,	-29.2969 
	-80.5542  ,	-27.4658 
	-80.4749  ,	-31.1279 
	-80.3589  ,	-29.6021 
	-80.2734  ,	-37.2314 
	-80.1697  ,	-41.8091 
	-80.0537  ,	-38.7573 
	-79.9561  ,	-35.7056 
	-79.8706  ,	-33.8745 
	-79.7668  ,	-33.8745 
	-79.6509  ,	-32.3486 
	-79.5715  ,	-31.1279 
	-79.4861  ,	-33.5693 
	-79.3579  ,	-32.3486 
	-79.2847  ,	-29.9072 
	-79.1748  ,	-32.959	 
	-79.071	  ,	-34.4849 
	-78.9917  ,	-32.3486 
	-78.8757  ,	-30.8228 
	-78.7659  ,	-32.959	 
	-78.6865  ,	-31.1279 
	-78.5706  ,	-35.4004 
	-78.4546  ,	-33.5693 
	-78.3508  ,	-39.6729 
	-78.2532  ,	-34.4849 
	-78.1616  ,	-33.2642 
	-78.0701  ,	-34.1797 
	-77.948	  ,	-35.4004 
	-77.8931  ,	-35.0952 
	-77.7832  ,	-35.0952 
	-77.6611  ,	-30.5176 
	-77.5635  ,	-35.0952 
	-77.4719  ,	-33.8745 
	-77.3743  ,	-32.3486 
	-77.2644  ,	-38.147	 
	-77.1851  ,	-38.147	 
	-77.0935  ,	-36.9263 
	-76.9775  ,	-35.4004 
	-76.8677  ,	-32.959	 
	-76.7761  ,	-32.3486 
	-76.6846  ,	-30.5176 
	-76.5625  ,	-30.5176 
	-76.4648  ,	-29.9072 
	-76.3794  ,	-34.79	 
	-76.2695  ,	-31.4331 
	-76.1963  ,	-32.0435 
	-76.0803  ,	-32.6538 
	-75.9766  ,	-35.7056 
	-75.8667  ,	-34.1797 
	-75.769	  ,	-31.1279 
	-75.6653  ,	-33.5693 
	-75.5798  ,	-36.3159 
	-75.4883  ,	-37.2314 
	-75.3784  ,	-36.0107 
	-75.293	  ,	-37.2314 
	-75.1831  ,	-35.0952 
	-75.0793  ,	-33.5693 
	-74.9817  ,	-28.3813 
	-74.884	  ,	-27.4658 
	-74.7803  ,	-36.9263 
	-74.6765  ,	-31.4331 
	-74.5972  ,	-32.6538 
	-74.4995  ,	-32.959	 
	-74.3713  ,	-33.5693 
	-74.2981  ,	-32.6538 
	-74.1882  ,	-31.4331 
	-74.0845  ,	-34.4849 
	-73.9929  ,	-32.6538 
	-73.8953  ,	-29.6021 
	-73.7732  ,	-29.2969 
	-73.7	  ,	-31.1279 
	-73.5779  ,	-33.8745 
	-73.468	  ,	-32.6538 
	-73.3826  ,	-33.2642 
	-73.2727  ,	-36.6211 
	-73.175	  ,	-32.6538 
	-73.0774  ,	-33.2642 
	-72.9675  ,	-32.0435 
	-72.9065  ,	-34.1797 
	-72.8027  ,	-29.6021 
	-72.6746  ,	-30.8228 
	-72.5891  ,	-31.4331 
	-72.5037  ,	-34.4849 
	-72.3999  ,	-32.959	 
	-72.2839  ,	-27.4658 
	-72.1741  ,	-27.771	 
	-72.1069  ,	-31.4331 
	-71.9788  ,	-29.9072 
	-71.8872  ,	-26.2451 
	-71.8018  ,	-30.5176 
	-71.6919  ,	-29.2969 
	-71.5881  ,	-32.3486 
	-71.4783  ,	-28.6865 
	-71.3989  ,	-28.3813 
	-71.2952  ,	-27.1606 
	-71.2097  ,	-32.3486 
	-71.0999  ,	-34.79	 
	-71.0022  ,	-32.959	 
	-70.8862  ,	-34.1797 
	-70.7825  ,	-33.8745 
	-70.6848  ,	-32.6538 
	-70.6116  ,	-36.0107 
	-70.4895  ,	-34.4849 
	-70.3979  ,	-32.3486 
	-70.2881  ,	-29.9072 
	-70.2026  ,	-31.1279 
	-70.105	  ,	-40.8936 
	-69.9951  ,	-39.0625 
	-69.8853  ,	-35.4004 
	-69.7876  ,	-39.3677 
	-69.6838  ,	-39.978	 
	-69.574	  ,	-31.7383 
	-69.4824  ,	-31.1279 
	-69.3909  ,	-31.4331 
	-69.2871  ,	-37.8418 
	-69.2078  ,	-33.5693 
	-69.104	  ,	-34.1797 
	-68.9941  ,	-29.9072 
	-68.8904  ,	-32.6538 
	-68.8171  ,	-32.959	 
	-68.689	  ,	-30.5176 
	-68.6096  ,	-33.5693 
	-68.512	  ,	-32.3486 
	-68.4082  ,	-31.7383 
	-68.3105  ,	-32.6538 
	-68.2068  ,	-34.1797 
	-68.103	  ,	-31.1279 
	-68.0054  ,	-36.3159 
	-67.8833  ,	-33.2642 
	-67.7917  ,	-30.8228 
	-67.7185  ,	-31.4331 
	-67.6025  ,	-29.6021 
	-67.4988  ,	-28.6865 
	-67.4072  ,	-28.3813 
	-67.3157  ,	-28.6865 
	-67.2302  ,	-26.5503 
	-67.1082  ,	-29.2969 
	-67.0166  ,	-33.5693 
	-66.9189  ,	-32.959	 
	-66.8091  ,	-32.3486 
	-66.7114  ,	-35.4004 
	-66.6138  ,	-30.2124 
	-66.5161  ,	-31.7383 
	-66.4124  ,	-33.8745 
	-66.3208  ,	-27.4658 
	-66.1926  ,	-30.8228 
	-66.1133  ,	-29.2969 
	-66.0034  ,	-26.8555 
	-65.918	  ,	-32.959	 
	-65.8264  ,	-29.2969 
	-65.7166  ,	-26.5503 
	-65.6006  ,	-27.771	 
	-65.5151  ,	-28.3813 
	-65.4175  ,	-27.1606 
	-65.3259  ,	-32.6538 
	-65.2039  ,	-29.9072 
	-65.1062  ,	-29.6021 
	-65.0024  ,	-34.79	 
	-64.8987  ,	-28.9917 
	-64.8193  ,	-31.1279 
	-64.7278  ,	-30.5176 
	-64.6057  ,	-32.6538 
	-64.502	  ,	-28.0762 
	-64.4409  ,	-29.9072 
	-64.3066  ,	-32.3486 
	-64.2029  ,	-30.5176 
	-64.1113  ,	-30.8228 
	-64.0076  ,	-31.4331 
	-63.9282  ,	-28.6865 
	-63.8245  ,	-30.2124 
	-63.7207  ,	-25.9399 
	-63.6292  ,	-27.4658 
	-63.5437  ,	-31.7383 
	-63.4277  ,	-29.2969 
	-63.3301  ,	-26.5503 
	-63.208	  ,	-26.5503 
	-63.1104  ,	-22.2778 
	-63.0432  ,	-24.4141 
	-62.9028  ,	-27.1606 
	-62.8113  ,	-25.0244 
	-62.7319  ,	-25.0244 
	-62.6282  ,	-29.2969 
	-62.5183  ,	-25.3296 
	-62.4268  ,	-24.1089 
	-62.3413  ,	-23.1934 
	-62.2192  ,	-24.1089 
	-62.1155  ,	-27.4658 
	-62.0178  ,	-28.6865 
	-61.9385  ,	-24.4141 
	-61.8286  ,	-31.1279 
	-61.7249  ,	-28.6865 
	-61.6333  ,	-22.583	 
	-61.5234  ,	-22.2778 
	-61.4136  ,	-28.0762 
	-61.3159  ,	-25.0244 
	-61.2061  ,	-28.0762 
	-61.1206  ,	-27.1606 
	-61.0168  ,	-31.1279 
	-60.9314  ,	-30.8228 
	-60.8337  ,	-29.6021 
	-60.7239  ,	-29.6021 
	-60.6201  ,	-29.6021 
	-60.5347  ,	-24.7192 
	-60.4187  ,	-27.771	 
	-60.3455  ,	-33.8745 
	-60.2234  ,	-31.1279 
	-60.1135  ,	-32.959	 
	-60.022	  ,	-35.4004 
	-59.9365  ,	-34.4849 
	-59.8389  ,	-30.8228 
	-59.729	  ,	-32.6538 
	-59.6497  ,	-32.6538 
	-59.5398  ,	-32.3486 
	-59.4238  ,	-32.3486 
	-59.3384  ,	-29.6021 
	-59.2285  ,	-33.8745 
	-59.1309  ,	-31.7383 
	-59.0454  ,	-28.9917 
	-58.9294  ,	-29.6021 
	-58.8196  ,	-31.4331 
	-58.7402  ,	-31.4331 
	-58.6365  ,	-30.5176 
	-58.5266  ,	-31.7383 
	-58.4351  ,	-31.7383 
	-58.3252  ,	-32.0435 
	-58.2458  ,	-26.5503 
	-58.1421  ,	-26.8555 
	-58.0139  ,	-29.6021 
	-57.9468  ,	-30.2124 
	-57.8369  ,	-29.2969 
	-57.7332  ,	-27.4658 
	-57.6172  ,	-28.9917 
	-57.5195  ,	-32.6538 
	-57.4219  ,	-32.0435 
	-57.3364  ,	-25.3296 
	-57.2693  ,	-28.9917 
	-57.135	  ,	-27.1606 
	-57.0496  ,	-24.1089 
	-56.9458  ,	-28.0762 
	-56.8298  ,	-30.8228 
	-56.7444  ,	-31.4331 
	-56.6528  ,	-29.9072 
	-56.543	  ,	-32.0435 
	-56.4453  ,	-28.0762 
	-56.3477  ,	-30.2124 
	-56.2256  ,	-28.0762 
	-56.1523  ,	-23.4985 
	-56.0242  ,	-26.5503 
	-55.9265  ,	-25.6348 
	-55.8289  ,	-23.8037 
	-55.7251  ,	-26.5503 
	-55.6335  ,	-27.771	 
	-55.5542  ,	-24.1089 
	-55.426	  ,	-29.9072 
	-55.3528  ,	-26.8555 
	-55.2551  ,	-23.1934 
	-55.1514  ,	-24.7192 
	-55.0537  ,	-26.5503 
	-54.95	  ,	-25.3296 
	-54.8401  ,	-21.6675 
	-54.7241  ,	-24.4141 
	-54.657	  ,	-21.6675 
	-54.5532  ,	-23.8037 
	-54.425	  ,	-24.7192 
	-54.3457  ,	-23.8037 
	-54.2542  ,	-24.1089 
	-54.1504  ,	-26.8555 
	-54.0405  ,	-21.3623 
	-53.9429  ,	-25.3296 
	-53.8574  ,	-20.1416 
	-53.7415  ,	-22.8882 
	-53.6438  ,	-21.0571 
	-53.5645  ,	-20.752	 
	-53.4546  ,	-24.7192 
	-53.3569  ,	-23.8037 
	-53.2349  ,	-23.8037 
	-53.1433  ,	-22.8882 
	-53.064	  ,	-19.8364 
	-52.9358  ,	-22.8882 
	-52.8503  ,	-21.0571 
	-52.7344  ,	-25.6348 
	-52.655	  ,	-20.4468 
	-52.5574  ,	-21.6675 
	-52.4597  ,	-18.9209 
	-52.3499  ,	-20.1416 
	-52.2461  ,	-21.0571 
	-52.1606  ,	-22.583	 
	-52.0508  ,	-21.3623 
	-51.9409  ,	-21.9727 
	-51.8494  ,	-23.1934 
	-51.7456  ,	-22.583	 
	-51.6541  ,	-25.0244 
	-51.5625  ,	-21.3623 
	-51.4465  ,	-19.8364 
	-51.3306  ,	-22.583	 
	-51.2512  ,	-18.6157 
	-51.1353  ,	-18.0054 
	-51.062	  ,	-20.4468 
	-50.9644  ,	-19.2261 
	-50.8667  ,	-21.6675 
	-50.769	  ,	-20.752	 
	-50.647	  ,	-18.9209 
	-50.5554  ,	-20.1416 
	-50.4578  ,	-18.9209 
	-50.3662  ,	-20.1416 
	-50.2563  ,	-18.3105 
	-50.1587  ,	-22.2778 
	-50.0488  ,	-19.2261 
	-49.9756  ,	-18.6157 
	-49.8718  ,	-18.6157 
	-49.7681  ,	-21.3623 
	-49.6826  ,	-18.9209 
	-49.5728  ,	-19.5313 
	-49.4507  ,	-17.7002 
	-49.3774  ,	-18.6157 
	-49.2676  ,	-18.6157 
	-49.176	  ,	-18.3105 
	-49.0723  ,	-18.3105 
	-48.9563  ,	-18.3105 
	-48.8708  ,	-19.5313 
	-48.761	  ,	-14.0381 
	-48.6755  ,	-19.5313 
	-48.5779  ,	-17.395	 
	-48.4741  ,	-20.1416 
	-48.3826  ,	-14.0381 
	-48.2666  ,	-17.395	 
	-48.1689  ,	-18.0054 
	-48.053	  ,	-18.0054 
	-47.9492  ,	-18.0054 
	-47.8455  ,	-17.395	 
	-47.7844  ,	-16.7847 
	-47.6685  ,	-20.4468 
	-47.5708  ,	-17.0898 
	-47.4731  ,	-18.0054 
	-47.3755  ,	-19.5313 
	-47.2656  ,	-21.0571 
	-47.1863  ,	-20.4468 
	-47.0581  ,	-20.1416 
	-46.9604  ,	-19.8364 
	-46.8811  ,	-18.6157 
	-46.7712  ,	-18.3105 
	-46.6614  ,	-19.2261 
	-46.5637  ,	-21.0571 
	-46.4722  ,	-14.9536 
	-46.3684  ,	-18.3105 
	-46.283	  ,	-14.9536 
	-46.1609  ,	-18.0054 
	-46.0815  ,	-17.7002 
	-45.9717  ,	-16.4795 
	-45.8679  ,	-17.7002 
	-45.7825  ,	-18.9209 
	-45.6848  ,	-19.5313 
	-45.5627  ,	-18.3105 
	-45.4895  ,	-17.395	 
	-45.3674  ,	-17.0898 
	-45.2637  ,	-19.2261 
	-45.1721  ,	-16.4795 
	-45.0684  ,	-19.5313 
	-44.9707  ,	-16.7847 
	-44.8853  ,	-17.0898 
	-44.7876  ,	-18.9209 
	-44.6533  ,	-18.0054 
	-44.5618  ,	-20.752	 
	-44.4885  ,	-18.6157 
	-44.3726  ,	-17.7002 
	-44.2627  ,	-21.0571 
	-44.165	  ,	-15.2588 
	-44.0857  ,	-16.4795 
	-43.988	  ,	-18.6157 
	-43.8721  ,	-16.7847 
	-43.7866  ,	-16.4795 
	-43.6829  ,	-17.395	 
	-43.5669  ,	-17.7002 
	-43.4692  ,	-18.3105 
	-43.3838  ,	-17.395	 
	-43.2861  ,	-15.564	 
	-43.1946  ,	-15.2588 
	-43.0603  ,	-13.7329 
	-42.981	  ,	-17.7002 
	-42.8711  ,	-15.2588 
	-42.7856  ,	-10.376	 
	-42.6697  ,	-13.1226 
	-42.5659  ,	-14.0381 
	-42.4683  ,	-15.2588 
	-42.3828  ,	-18.3105 
	-42.2791  ,	-14.9536 
	-42.1753  ,	-15.2588 
	-42.0776  ,	-13.7329 
	-41.9922  ,	-14.6484 
	-41.9006  ,	-19.2261 
	-41.803	  ,	-18.9209 
	-41.687	  ,	-17.395	 
	-41.571	  ,	-19.2261 
	-41.4978  ,	-13.7329 
	-41.4185  ,	-15.2588 
	-41.2903  ,	-18.3105 
	-41.2048  ,	-18.6157 
	-41.0828  ,	-16.1743 
	-40.979	  ,	-15.8691 
	-40.8813  ,	-15.564	 
	-40.7837  ,	-14.3433 
	-40.7043  ,	-14.6484 
	-40.5823  ,	-16.7847 
	-40.4968  ,	-18.0054 
	-40.3809  ,	-17.7002 
	-40.2893  ,	-13.4277 
	-40.1855  ,	-16.4795 
	-40.0879  ,	-15.564	 
	-39.9841  ,	-15.564	 
	-39.8987  ,	-18.6157 
	-39.7949  ,	-18.0054 
	-39.6729  ,	-15.564	 
	-39.5813  ,	-15.564	 
	-39.5081  ,	-18.3105 
	-39.386	  ,	-15.564	 
	-39.2822  ,	-15.2588 
	-39.1846  ,	-18.6157 
	-39.0991  ,	-14.3433 
	-39.0076  ,	-16.4795 
	-38.8855  ,	-18.9209 
	-38.8062  ,	-17.7002 
	-38.6963  ,	-18.3105 
	-38.5864  ,	-14.3433 
	-38.4888  ,	-18.3105 
	-38.4094  ,	-17.395	 
	-38.3118  ,	-17.395	 
	-38.2202  ,	-16.7847 
	-38.092	  ,	-16.4795 
	-38.0188  ,	-12.8174 
	-37.8967  ,	-16.7847 
	-37.8052  ,	-17.7002 
	-37.6831  ,	-14.3433 
	-37.5854  ,	-17.0898 
	-37.4939  ,	-16.1743 
	-37.4023  ,	-14.9536 
	-37.2986  ,	-17.7002 
	-37.2009  ,	-15.564	 
	-37.1033  ,	-15.564	 
	-37.0117  ,	-14.0381 
	-36.9141  ,	-15.8691 
	-36.8164  ,	-16.1743 
	-36.7065  ,	-13.1226 
	-36.5967  ,	-13.7329 
	-36.5234  ,	-14.3433 
	-36.438	  ,	-12.5122 
	-36.3098  ,	-15.564	 
	-36.2183  ,	-15.2588 
	-36.1023  ,	-13.1226 
	-35.9863  ,	-15.564	 
	-35.8948  ,	-16.1743 
	-35.791	  ,	-16.7847 
	-35.7239  ,	-12.5122 
	-35.6018  ,	-18.6157 
	-35.5164  ,	-17.7002 
	-35.3943  ,	-18.9209 
	-35.3027  ,	-14.9536 
	-35.2051  ,	-17.7002 
	-35.1013  ,	-16.7847 
	-35.0037  ,	-16.4795 
	-34.9182  ,	-14.3433 
	-34.8083  ,	-17.0898 
	-34.6924  ,	-13.7329 
	-34.5947  ,	-17.0898 
	-34.5215  ,	-14.3433 
	-34.3933  ,	-15.564	 
	-34.2896  ,	-17.395	 
	-34.198	  ,	-15.8691 
	-34.1064  ,	-15.8691 
	-34.0149  ,	-14.9536 
	-33.8989  ,	-14.6484 
	-33.8196  ,	-14.9536 
	-33.7158  ,	-14.0381 
	-33.6121  ,	-11.2915 
	-33.5083  ,	-11.2915 
	-33.4229  ,	-11.9019 
	-33.3191  ,	-14.0381 
	-33.2275  ,	-15.2588 
	-33.0994  ,	-14.9536 
	-33.02	  ,	-15.8691 
	-32.9041  ,	-13.1226 
	-32.8247  ,	-13.4277 
	-32.7087  ,	-14.9536 
	-32.6111  ,	-11.9019 
	-32.5195  ,	-11.9019 
	-32.428	  ,	-14.9536 
	-32.2937  ,	-15.564	 
	-32.2266  ,	-16.1743 
	-32.0984  ,	-13.7329 
	-32.0129  ,	-12.5122 
	-31.9031  ,	-15.2588 
	-31.8115  ,	-14.0381 
	-31.7017  ,	-11.9019 
	-31.6284  ,	-12.5122 
	-31.5125  ,	-14.3433 
	-31.4148  ,	-11.5967 
	-31.3354  ,	-12.8174 
	-31.2012  ,	-11.9019 
	-31.1279  ,	-11.5967 
	-31.0303  ,	-11.9019 
	-30.9326  ,	-11.5967 
	-30.8289  ,	-9.76563 
	-30.7068  ,	-12.8174 
	-30.6152  ,	-11.5967 
	-30.5054  ,	-11.9019 
	-30.4382  ,	-14.3433 
	-30.3223  ,	-12.207	 
	-30.2246  ,	-12.8174 
	-30.1331  ,	-13.7329 
	-30.0293  ,	-14.3433 
	-29.9194  ,	-12.8174 
	-29.8218  ,	-12.207	 
	-29.7485  ,	-10.9863 
	-29.6448  ,	-12.207	 
	-29.5105  ,	-13.1226 
	-29.425	  ,	-14.3433 
	-29.3335  ,	-11.2915 
	-29.2297  ,	-12.207	 
	-29.1077  ,	-14.6484 
	-29.0222  ,	-11.9019 
	-28.9246  ,	-10.9863 
	-28.8269  ,	-13.7329 
	-28.7109  ,	-12.207	 
	-28.6194  ,	-10.0708 
	-28.5278  ,	-9.46045 
	-28.4058  ,	-10.9863 
	-28.3386  ,	-10.376	 
	-28.2227  ,	-11.9019 
	-28.1494  ,	-12.207	 
	-28.0273  ,	-10.9863 
	-27.948	  ,	-14.0381 
	-27.8076  ,	-10.9863 
	-27.7039  ,	-10.9863 
	-27.6001  ,	-11.9019 
	-27.5024  ,	-12.8174 
	-27.4109  ,	-7.62939 
	-27.3376  ,	-13.4277 
	-27.2156  ,	-13.1226 
	-27.124	  ,	-11.2915 
	-27.0325  ,	-8.54492 
	-26.9287  ,	-12.5122 
	-26.8372  ,	-10.6812 
	-26.7273  ,	-9.76563 
	-26.6113  ,	-10.376	 
	-26.5381  ,	-11.9019 
	-26.4465  ,	-12.5122 
	-26.3245  ,	-8.8501	 
	-26.2329  ,	-11.5967 
	-26.1353  ,	-11.9019 
	-26.0132  ,	-11.5967 
	-25.9155  ,	-8.23975 
	-25.824	  ,	-10.0708 
	-25.7324  ,	-9.15527 
	-25.6104  ,	-10.376	 
	-25.531	  ,	-11.2915 
	-25.4272  ,	-9.15527 
	-25.3174  ,	-14.0381 
	-25.2136  ,	-11.9019 
	-25.1221  ,	-10.9863 
	-25.0366  ,	-12.207	 
	-24.9451  ,	-12.207	 
	-24.8352  ,	-10.376	 
	-24.7131  ,	-12.5122 
	-24.6094  ,	-9.76563 
	-24.5544  ,	-10.376	 
	-24.4263  ,	-10.6812 
	-24.3164  ,	-10.9863 
	-24.2188  ,	-11.9019 
	-24.1455  ,	-8.23975 
	-24.0295  ,	-10.0708 
	-23.9258  ,	-7.62939 
	-23.8281  ,	-10.6812 
	-23.7427  ,	-10.376	 
	-23.6389  ,	-10.9863 
	-23.5352  ,	-10.9863 
	-23.4436  ,	-11.9019 
	-23.3215  ,	-8.8501	 
	-23.2483  ,	-9.76563 
	-23.114	  ,	-9.76563 
	-23.0286  ,	-9.46045 
	-22.9248  ,	-10.376	 
	-22.8516  ,	-10.376	 
	-22.7417  ,	-4.57764 
	-22.6379  ,	-11.2915 
	-22.5464  ,	-3.96729 
	-22.4426  ,	-10.376	 
	-22.3206  ,	-10.376	 
	-22.2412  ,	-11.2915 
	-22.1313  ,	-8.23975 
	-22.0215  ,	-9.15527 
	-21.9299  ,	-12.5122 
	-21.8323  ,	-9.15527 
	-21.7346  ,	-10.9863 
	-21.6431  ,	-11.2915 
	-21.5393  ,	-10.376	 
	-21.4417  ,	-8.54492 
	-21.3562  ,	-8.54492 
	-21.2219  ,	-13.4277 
	-21.1548  ,	-11.9019 
	-21.0571  ,	-9.15527 
	-20.9473  ,	-7.93457 
	-20.8496  ,	-10.9863 
	-20.7214  ,	-9.46045 
	-20.636	  ,	-7.62939 
	-20.5261  ,	-8.8501	 
	-20.4468  ,	-8.54492 
	-20.3369  ,	-7.93457 
	-20.2393  ,	-5.79834 
	-20.1477  ,	-8.8501	 
	-20.05	  ,	-8.54492 
	-19.9341  ,	-8.8501	 
	-19.8486  ,	-8.54492 
	-19.7571  ,	-8.23975 
	-19.6533  ,	-8.23975 
	-19.5313  ,	-7.01904 
	-19.4519  ,	-7.93457 
	-19.3604  ,	-8.8501	 
	-19.2505  ,	-7.01904 
	-19.1345  ,	-8.54492 
	-19.0369  ,	-6.40869 
	-18.9453  ,	-10.9863 
	-18.8416  ,	-10.376	 
	-18.7317  ,	-10.6812 
	-18.6401  ,	-7.62939 
	-18.5486  ,	-8.54492 
	-18.4326  ,	-8.8501	 
	-18.3594  ,	-8.23975 
	-18.2373  ,	-7.62939 
	-18.1702  ,	-6.10352 
	-18.0359  ,	-8.8501	 
	-17.9626  ,	-9.46045 
	-17.8345  ,	-9.15527 
	-17.7429  ,	-7.01904 
	-17.6392  ,	-11.5967 
	-17.5293  ,	-6.71387 
	-17.4438  ,	-10.0708 
	-17.3706  ,	-8.23975 
	-17.2485  ,	-10.0708 
	-17.1509  ,	-10.0708 
	-17.0654  ,	-8.54492 
	-16.9617  ,	-7.32422 
	-16.864	  ,	-7.93457 
	-16.7542  ,	-7.01904 
	-16.6382  ,	-7.62939 
	-16.5588  ,	-7.62939 
	-16.4551  ,	-7.32422 
	-16.3452  ,	-7.01904 
	-16.2659  ,	-7.32422 
	-16.1499  ,	-7.01904 
	-16.04	  ,	-7.01904 
	-15.9363  ,	-6.71387 
	-15.8569  ,	-7.01904 
	-15.7593  ,	-6.40869 
	-15.6433  ,	-7.93457 
	-15.5518  ,	-5.49316 
	-15.4663  ,	-6.10352 
	-15.3564  ,	-8.8501	 
	-15.2527  ,	-7.93457 
	-15.1611  ,	-11.2915 
	-15.0513  ,	-4.57764 
	-14.9536  ,	-8.8501	 
	-14.8743  ,	-9.15527 
	-14.7705  ,	-7.62939 
	-14.6729  ,	-5.49316 
	-14.5447  ,	-6.10352 
	-14.4653  ,	-5.49316 
	-14.3677  ,	-7.32422 
	-14.2639  ,	-7.01904 
	-14.1479  ,	-7.32422 
	-14.0625  ,	-5.18799 
	-13.9648  ,	-6.10352 
	-13.8672  ,	-6.10352 
	-13.7512  ,	-4.27246 
	-13.6475  ,	-4.57764 
	-13.5498  ,	-4.27246 
	-13.4583  ,	-4.88281 
	-13.3728  ,	-8.23975 
	-13.2751  ,	-5.79834 
	-13.1775  ,	-4.57764 
	-13.092	  ,	-5.18799 
	-12.97	  ,	-7.01904 
	-12.8784  ,	-5.49316 
	-12.7625  ,	-6.10352 
	-12.6648  ,	-4.88281 
	-12.5671  ,	-3.05176 
	-12.4756  ,	-5.79834 
	-12.3474  ,	-6.10352 
	-12.2742  ,	-4.27246 
	-12.1643  ,	-3.35693 
	-12.0544  ,	-4.88281 
	-11.9507  ,	-5.79834 
	-11.8591  ,	-4.57764 
	-11.7737  ,	-3.96729 
	-11.676	  ,	-4.27246 
	-11.5601  ,	-3.35693 
	-11.4563  ,	-3.96729 
	-11.3647  ,	-5.18799 
	-11.2671  ,	-4.57764 
	-11.1633  ,	-5.79834 
	-11.0779  ,	-5.79834 
	-10.968	  ,	-4.57764 
	-10.8582  ,	-7.32422 
	-10.7727  ,	-3.05176 
	-10.6689  ,	-6.10352 
	-10.5713  ,	-2.44141 
	-10.4614  ,	-6.10352 
	-10.3638  ,	-2.74658 
	-10.2661  ,	-6.10352 
	-10.1563  ,	-3.35693 
	-10.083	  ,	-4.88281 
	-9.98535  ,	-3.66211 
	-9.88159  ,	-2.44141 
	-9.76563  ,	-4.27246 
	-9.66797  ,	-5.18799 
	-9.58862  ,	-4.88281 
	-9.49097  ,	-3.35693 
	-9.39331  ,	-4.57764 
	-9.29565  ,	-3.66211 
	-9.17358  ,	-3.05176 
	-9.05762  ,	-3.66211 
	-8.98438  ,	-5.18799 
	-8.87451  ,	-3.66211 
	-8.76465  ,	-0.610352
	-8.66699  ,	-2.74658 
	-8.56323  ,	-2.74658 
	-8.47168  ,	-2.13623 
	-8.38623  ,	-4.27246 
	-8.28247  ,	-3.35693 
	-8.19702  ,	-6.40869 
	-8.09326  ,	-3.35693 
	-7.9834	  ,	-2.44141 
	-7.88574  ,	-5.79834 
	-7.77588  ,	-2.74658 
	-7.67822  ,	-1.52588 
	-7.59277  ,	-3.35693 
	-7.48291  ,	-5.49316 
	-7.37915  ,	-3.35693 
	-7.2998	  ,	-2.13623 
	-7.18384  ,	-5.18799 
	-7.07397  ,	-4.57764 
	-6.97021  ,	-2.13623 
	-6.88477  ,	-4.27246 
	-6.78711  ,	-4.27246 
	-6.67725  ,	-3.05176 
	-6.5918	  ,	-4.88281 
	-6.48193  ,	-1.83105 
	-6.37817  ,	-3.66211 
	-6.29883  ,	-2.74658 
	-6.18896  ,	-2.74658 
	-6.08521  ,	-2.44141 
	-5.99365  ,	-1.2207	 
	-5.896	  ,	-6.10352 
	-5.77393  ,	-1.83105 
	-5.68848  ,	-2.44141 
	-5.57251  ,	-3.35693 
	-5.48096  ,	-1.52588 
	-5.39551  ,	-2.44141 
	-5.29175  ,	-0.915527
	-5.18188  ,	-2.13623 
	-5.07813  ,	-2.74658 
	-4.98657  ,	-1.52588 
	-4.87671  ,	-1.83105 
	-4.77295  ,	-2.44141 
	-4.67529  ,	-2.44141 
	-4.60205  ,	0	 
	-4.49219  ,	-1.52588 
	-4.39453  ,	-0.915527
	-4.30298  ,	-0.610352
	-4.18701  ,	-1.52588 
	-4.08325  ,	-3.05176 
	-3.9917	  ,	-2.13623 
	-3.90015  ,	-0.610352
	-3.78418  ,	-3.35693 
	-3.68042  ,	-0.610352
	-3.58276  ,	-2.74658 
	-3.49731  ,	-1.83105 
	-3.38745  ,	-2.13623 
	-3.302	  ,	-0.610352
	-3.17993  ,	-2.44141 
	-3.10059  ,	-1.52588 
	-2.97852  ,	-1.2207	 
	-2.90527  ,	-3.96729 
	-2.80762  ,	0	 
	-2.70996  ,	-3.05176 
	-2.59399  ,	-1.2207	 
	-2.49023  ,	-1.83105 
	-2.40479  ,	-1.52588 
	-2.28271  ,	-2.74658 
	-2.18506  ,	-1.52588 
	-2.0813	  ,	-1.83105 
	-1.98975  ,	0	 
	-1.88599  ,	-1.83105 
	-1.78833  ,	-0.915527
	-1.70898  ,	-0.305176
	-1.58691  ,	-2.13623 
	-1.50757  ,	-1.2207	 
	-1.40381  ,	-2.44141 
	-1.29395  ,	2.44141	 
	-1.18408  ,	-0.305176
	-1.09863  ,	-0.610352
	-0.98877  ,	-0.305176
	-0.891113 ,	-1.2207	 
	-0.811768 ,	0.915527 
	-0.689697 ,	2.44141	 
	-0.616455 ,	-0.610352
	-0.518799 ,	0	 
	-0.408936 ,	-0.915527
	-0.317383 ,	-1.83105 
	-0.213623 ,	1.2207	 
	-0.109863 ,	-0.610352
	0	  ,	-0.610352
	0.0915527 ,	0.305176 
	0.170898  ,	0	 
	0.286865  ,	0	 
	0.366211  ,	0.915527 
	0.482178  ,	-1.2207	 
	0.579834  ,	0.610352 
	0.665283  ,	-0.610352
	0.769043  ,	2.44141	 
	0.88501	  ,	-0.610352
	0.970459  ,	0.610352 
	1.07422	  ,	-2.44141 
	1.19019	  ,	-1.52588 
	1.28784	  ,	0	 
	1.3855	  ,	0.915527 
	1.46484	  ,	1.52588	 
	1.58691	  ,	2.13623	 
	1.66626	  ,	0.915527 
	1.78833	  ,	0.610352 
	1.87378	  ,	1.83105	 
	1.98975	  ,	0.915527 
	2.06909	  ,	1.83105	 
	2.16064	  ,	0.915527 
	2.27051	  ,	1.52588	 
	2.38037	  ,	2.13623	 
	2.47192	  ,	2.44141	 
	2.55127	  ,	3.35693	 
	2.66724	  ,	0.305176 
	2.7832	  ,	0.610352 
	2.88086	  ,	1.52588	 
	2.98462	  ,	4.88281	 
	3.07617	  ,	3.35693	 
	3.16162	  ,	2.13623	 
	3.27759	  ,	0	 
	3.38745	  ,	2.74658	 
	3.48511	  ,	0	 
	3.58276	  ,	0	 
	3.65601	  ,	0	 
	3.76587	  ,	3.35693	 
	3.86963	  ,	0	 
	3.95508	  ,	3.96729	 
	4.05884	  ,	1.52588	 
	4.18091	  ,	2.13623	 
	4.25415	  ,	2.44141	 
	4.37012	  ,	2.13623	 
	4.47998	  ,	-0.610352
	4.57153	  ,	-0.610352
	4.66309	  ,	2.13623	 
	4.76074	  ,	3.05176	 
	4.87671	  ,	1.2207	 
	4.96826	  ,	4.88281	 
	5.07202	  ,	4.57764	 
	5.18188	  ,	0.915527 
	5.26123	  ,	3.66211	 
	5.3772	  ,	2.44141	 
	5.48096	  ,	3.35693	 
	5.57251	  ,	3.05176	 
	5.65796	  ,	0.915527 
	5.76172	  ,	4.27246	 
	5.85327	  ,	0	 
	5.97534	  ,	2.74658	 
	6.073	  ,	2.74658	 
	6.16455	  ,	3.66211	 
	6.26831	  ,	4.57764	 
	6.37817	  ,	3.96729	 
	6.45142	  ,	3.96729	 
	6.57349	  ,	1.83105	 
	6.67114	  ,	5.49316	 
	6.7627	  ,	3.66211	 
	6.86035	  ,	4.27246	 
	6.95801	  ,	3.35693	 
	7.04346	  ,	2.13623	 
	7.14111	  ,	6.40869	 
	7.26318	  ,	3.05176	 
	7.36694	  ,	4.27246	 
	7.44629	  ,	5.49316	 
	7.55615	  ,	5.79834	 
	7.66602	  ,	3.05176	 
	7.76367	  ,	4.57764	 
	7.86743	  ,	3.96729	 
	7.97119	  ,	4.27246	 
	8.05664	  ,	4.57764	 
	8.1604	  ,	1.2207	 
	8.25806	  ,	5.49316	 
	8.34351	  ,	4.57764	 
	8.44116	  ,	3.66211	 
	8.55713	  ,	3.35693	 
	8.64258	  ,	0.915527 
	8.74634	  ,	4.57764	 
	8.83789	  ,	6.40869	 
	8.94165	  ,	3.05176	 
	9.06372	  ,	6.40869	 
	9.14307	  ,	7.32422	 
	9.24683	  ,	5.18799	 
	9.36279	  ,	6.71387	 
	9.47266	  ,	5.49316	 
	9.57031	  ,	1.83105	 
	9.65576	  ,	6.71387	 
	9.75342	  ,	4.57764	 
	9.86328	  ,	6.40869	 
	9.93652	  ,	6.10352	 
	10.0464	  ,	6.40869	 
	10.1501	  ,	5.49316	 
	10.2356	  ,	5.49316	 
	10.3394	  ,	4.88281	 
	10.4492	  ,	8.8501	 
	10.5408	  ,	7.62939	 
	10.6567	  ,	7.32422	 
	10.7422	  ,	6.10352	 
	10.8521	  ,	6.71387	 
	10.9375	  ,	6.10352	 
	11.0291	  ,	3.35693	 
	11.1328	  ,	7.01904	 
	11.2427	  ,	6.71387	 
	11.3525	  ,	6.71387	 
	11.4441	  ,	7.32422	 
	11.554	  ,	5.79834	 
	11.6516	  ,	6.71387	 
	11.7554	  ,	7.01904	 
	11.853	  ,	6.40869	 
	11.9324	  ,	3.66211	 
	12.0239	  ,	5.79834	 
	12.1277	  ,	5.18799	 
	12.2498	  ,	9.15527	 
	12.3413	  ,	7.01904	 
	12.439	  ,	5.49316	 
	12.5183	  ,	6.40869	 
	12.6465	  ,	8.54492	 
	12.7563	  ,	7.32422	 
	12.8601	  ,	6.71387	 
	12.9517	  ,	8.54492	 
	13.0432	  ,	6.71387	 
	13.1592	  ,	8.54492	 
	13.2324	  ,	8.23975	 
	13.3545	  ,	9.46045	 
	13.4644	  ,	7.32422	 
	13.5498	  ,	7.01904	 
	13.6414	  ,	9.15527	 
	13.7329	  ,	8.54492	 
	13.8489	  ,	7.01904	 
	13.9526	  ,	9.76563	 
	14.0259	  ,	6.71387	 
	14.1541	  ,	7.62939	 
	14.2395	  ,	10.9863	 
	14.3311	  ,	6.10352	 
	14.4165	  ,	8.8501	 
	14.5325	  ,	6.10352	 
	14.6484	  ,	7.62939	 
	14.7461	  ,	8.8501	 
	14.8376	  ,	7.32422	 
	14.9475	  ,	7.32422	 
	15.033	  ,	9.46045	 
	15.1184	  ,	8.54492	 
	15.2527	  ,	11.9019	 
	15.3259	  ,	11.5967	 
	15.4297	  ,	7.93457	 
	15.5457	  ,	9.76563	 
	15.6372	  ,	11.5967	 
	15.7227	  ,	9.76563	 
	15.8325	  ,	11.5967	 
	15.9424	  ,	11.2915	 
	16.0339	  ,	9.46045	 
	16.1316	  ,	11.9019	 
	16.2476	  ,	10.0708	 
	16.3513	  ,	10.0708	 
	16.4246	  ,	10.9863	 
	16.5466	  ,	9.46045	 
	16.6443	  ,	10.6812	 
	16.7358	  ,	10.6812	 
	16.8274	  ,	10.0708	 
	16.9373	  ,	9.76563	 
	17.0227	  ,	9.76563	 
	17.1326	  ,	11.5967	 
	17.2363	  ,	10.376	 
	17.3279	  ,	13.1226	 
	17.4316	  ,	9.46045	 
	17.5171	  ,	10.9863	 
	17.6331	  ,	13.1226	 
	17.7429	  ,	10.9863	 
	17.8345	  ,	14.3433	 
	17.926	  ,	11.9019	 
	18.0054	  ,	13.1226	 
	18.1152	  ,	11.5967	 
	18.2251	  ,	11.2915	 
	18.3411	  ,	12.5122	 
	18.4509	  ,	11.2915	 
	18.5425	  ,	14.0381	 
	18.6279	  ,	13.4277	 
	18.7195	  ,	11.2915	 
	18.8293	  ,	12.207	 
	18.9392	  ,	12.5122	 
	19.0125	  ,	11.9019	 
	19.1406	  ,	15.2588	 
	19.22	  ,	14.6484	 
	19.3115	  ,	12.5122	 
	19.4092	  ,	14.0381	 
	19.5129	  ,	13.1226	 
	19.635	  ,	9.15527	 
	19.7327	  ,	14.3433	 
	19.8181	  ,	11.9019	 
	19.928	  ,	14.6484	 
	20.0195	  ,	12.8174	 
	20.1111	  ,	13.1226	 
	20.2393	  ,	14.6484	 
	20.3247	  ,	14.0381	 
	20.4224	  ,	14.9536	 
	20.5322	  ,	14.6484	 
	20.6177	  ,	14.6484	 
	20.7214	  ,	16.1743	 
	20.813	  ,	15.564	 
	20.9351	  ,	14.6484	 
	21.0266	  ,	16.1743	 
	21.1243	  ,	15.2588	 
	21.2341	  ,	15.8691	 
	21.3135	  ,	14.3433	 
	21.4233	  ,	14.3433	 
	21.5088	  ,	15.564	 
	21.6064	  ,	16.7847	 
	21.7224	  ,	14.6484	 
	21.8079	  ,	14.0381	 
	21.9116	  ,	15.2588	 
	22.0276	  ,	15.564	 
	22.1069	  ,	13.4277	 
	22.2351	  ,	14.9536	 
	22.3145	  ,	13.1226	 
	22.3999	  ,	12.207	 
	22.5037	  ,	18.0054	 
	22.6135	  ,	15.564	 
	22.699	  ,	15.564	 
	22.8149	  ,	14.9536	 
	22.9309	  ,	13.7329	 
	23.0225	  ,	15.2588	 
	23.1262	  ,	13.7329	 
	23.2239	  ,	16.1743	 
	23.3215	  ,	14.0381	 
	23.4009	  ,	14.0381	 
	23.5291	  ,	17.7002	 
	23.6023	  ,	16.1743	 
	23.7244	  ,	14.9536	 
	23.7915	  ,	16.1743	 
	23.9014	  ,	18.0054	 
	23.999	  ,	14.0381	 
	24.1028	  ,	14.6484	 
	24.2126	  ,	16.7847	 
	24.3164	  ,	15.564	 
	24.3958	  ,	18.0054	 
	24.4995	  ,	15.8691	 
	24.6216	  ,	17.7002	 
	24.7253	  ,	16.1743	 
	24.8169	  ,	16.1743	 
	24.9268	  ,	14.6484	 
	25	  ,	15.8691	 
	25.1221	  ,	14.3433	 
	25.2075	  ,	17.7002	 
	25.3235	  ,	15.2588	 
	25.4028	  ,	17.0898	 
	25.4944	  ,	14.6484	 
	25.5981	  ,	18.0054	 
	25.6897	  ,	18.0054	 
	25.7935	  ,	13.4277	 
	25.9155	  ,	13.7329	 
	25.9949	  ,	17.7002	 
	26.1047	  ,	16.7847	 
	26.1902	  ,	17.395	 
	26.2878	  ,	19.5313	 
	26.3855	  ,	18.6157	 
	26.5015	  ,	17.0898	 
	26.6235	  ,	18.6157	 
	26.7212	  ,	18.3105	 
	26.7883	  ,	14.6484	 
	26.8982	  ,	17.0898	 
	27.0142	  ,	17.395	 
	27.1179	  ,	17.7002	 
	27.1973	  ,	18.6157	 
	27.2888	  ,	19.5313	 
	27.3987	  ,	18.0054	 
	27.5085	  ,	17.395	 
	27.5879	  ,	20.1416	 
	27.7039	  ,	20.752	 
	27.7832	  ,	19.5313	 
	27.9053	  ,	20.752	 
	27.9907	  ,	19.8364	 
	28.1128	  ,	19.2261	 
	28.186	  ,	18.9209	 
	28.302	  ,	19.8364	 
	28.4119	  ,	22.583	 
	28.5095	  ,	19.8364	 
	28.6072	  ,	21.9727	 
	28.7048	  ,	20.4468	 
	28.8086	  ,	19.8364	 
	28.8879	  ,	20.4468	 
	28.9978	  ,	19.2261	 
	29.0833	  ,	21.6675	 
	29.1992	  ,	21.3623	 
	29.303	  ,	18.0054	 
	29.3945	  ,	21.3623	 
	29.4983	  ,	18.3105	 
	29.5837	  ,	19.2261	 
	29.6997	  ,	20.1416	 
	29.7913	  ,	20.4468	 
	29.8889	  ,	21.3623	 
	29.9805	  ,	20.4468	 
	30.0781	  ,	20.4468	 
	30.2002	  ,	21.0571	 
	30.2795	  ,	21.0571	 
	30.3833	  ,	22.583	 
	30.4993	  ,	21.6675	 
	30.5969	  ,	21.0571	 
	30.6885	  ,	21.0571	 
	30.7739	  ,	21.9727	 
	30.896	  ,	21.0571	 
	30.9937	  ,	21.0571	 
	31.0913	  ,	23.1934	 
	31.189	  ,	23.4985	 
	31.2805	  ,	19.2261	 
	31.4026	  ,	20.752	 
	31.488	  ,	22.8882	 
	31.5796	  ,	22.2778	 
	31.6833	  ,	20.4468	 
	31.7993	  ,	21.3623	 
	31.8787	  ,	21.0571	 
	31.9885	  ,	23.1934	 
	32.074	  ,	21.9727	 
	32.1838	  ,	22.583	 
	32.2937	  ,	22.2778	 
	32.373	  ,	21.9727	 
	32.4646	  ,	24.4141	 
	32.5867	  ,	23.4985	 
	32.6843	  ,	22.2778	 
	32.7881	  ,	22.583	 
	32.8674	  ,	24.1089	 
	32.9895	  ,	21.3623	 
	33.0811	  ,	25.0244	 
	33.1909	  ,	25.3296	 
	33.2947	  ,	22.8882	 
	33.3984	  ,	25.9399	 
	33.4717	  ,	25.6348	 
	33.5999	  ,	22.8882	 
	33.6853	  ,	25.3296	 
	33.7891	  ,	26.2451	 
	33.8623	  ,	27.771	 
	33.9905	  ,	24.1089	 
	34.0637	  ,	22.2778	 
	34.1736	  ,	23.8037	 
	34.2834	  ,	21.0571	 
	34.3811	  ,	20.752	 
	34.4849	  ,	20.752	 
	34.5642	  ,	22.2778	 
	34.6802	  ,	19.8364	 
	34.7656	  ,	24.4141	 
	34.8633	  ,	25.9399	 
	34.9731	  ,	25.3296	 
	35.0769	  ,	23.1934	 
	35.1746	  ,	24.4141	 
	35.2539	  ,	25.3296	 
	35.3577	  ,	23.4985	 
	35.4797	  ,	28.0762	 
	35.5835	  ,	27.771	 
	35.6689	  ,	24.1089	 
	35.7727	  ,	27.4658	 
	35.8826	  ,	26.2451	 
	35.9741	  ,	25.0244	 
	36.0718	  ,	25.0244	 
	36.1755	  ,	25.0244	 
	36.261	  ,	24.1089	 
	36.377	  ,	25.6348	 
	36.4685	  ,	25.9399	 
	36.5845	  ,	24.4141	 
	36.6577	  ,	27.771	 
	36.7615	  ,	28.0762	 
	36.8774	  ,	27.771	 
	36.9812	  ,	29.2969	 
	37.0789	  ,	28.3813	 
	37.1643	  ,	25.3296	 
	37.2742	  ,	28.3813	 
	37.3718	  ,	28.9917	 
	37.4817	  ,	27.4658	 
	37.561	  ,	28.0762	 
	37.6648	  ,	26.8555	 
	37.7625	  ,	28.6865	 
	37.8784	  ,	26.8555	 
	37.97	  ,	29.6021	 
	38.0676	  ,	27.4658	 
	38.1775	  ,	27.4658	 
	38.2507	  ,	30.5176	 
	38.3484	  ,	27.771	 
	38.4644	  ,	29.2969	 
	38.5559	  ,	26.8555	 
	38.6536	  ,	27.4658	 
	38.7512	  ,	29.9072	 
	38.8672	  ,	28.6865	 
	38.9648	  ,	30.2124	 
	39.0747	  ,	29.9072	 
	39.1541	  ,	28.3813	 
	39.2578	  ,	29.6021	 
	39.3555	  ,	28.0762	 
	39.447	  ,	30.8228	 
	39.563	  ,	31.4331	 
	39.6667	  ,	29.9072	 
	39.7583	  ,	30.5176	 
	39.8743	  ,	31.7383	 
	39.9475	  ,	31.1279	 
	40.0513	  ,	31.1279	 
	40.1794	  ,	36.0107	 
	40.2649	  ,	31.1279	 
	40.3625	  ,	29.9072	 
	40.4724	  ,	31.4331	 
	40.5518	  ,	35.4004	 
	40.6677	  ,	32.959	 
	40.7471	  ,	32.6538	 
	40.863	  ,	32.0435	 
	40.9729	  ,	31.7383	 
	41.0645	  ,	29.9072	 
	41.1621	  ,	31.7383	 
	41.2476	  ,	34.4849	 
	41.3696	  ,	30.5176	 
	41.449	  ,	34.4849	 
	41.5588	  ,	34.1797	 
	41.6443	  ,	33.8745	 
	41.7542	  ,	28.9917	 
	41.864	  ,	32.0435	 
	41.9678	  ,	31.1279	 
	42.0593	  ,	31.7383	 
	42.1448	  ,	32.959	 
	42.2668	  ,	35.4004	 
	42.3401	  ,	36.3159	 
	42.4561	  ,	33.8745	 
	42.572	  ,	32.6538	 
	42.6697	  ,	35.0952	 
	42.7673	  ,	34.4849	 
	42.8528	  ,	32.959	 
	42.9504	  ,	32.3486	 
	43.0542	  ,	32.0435	 
	43.1396	  ,	35.0952	 
	43.2678	  ,	31.4331	 
	43.3655	  ,	30.2124	 
	43.4692	  ,	35.7056	 
	43.5608	  ,	30.5176	 
	43.6646	  ,	32.0435	 
	43.7683	  ,	36.0107	 
	43.8538	  ,	37.2314	 
	43.9575	  ,	35.7056	 
	44.0491	  ,	33.5693	 
	44.165	  ,	35.7056	 
	44.2627	  ,	33.8745	 
	44.3542	  ,	34.4849	 
	44.4641	  ,	41.1987	 
	44.5435	  ,	36.9263	 
	44.6472	  ,	38.7573	 
	44.7449	  ,	33.5693	 
	44.8364	  ,	36.0107	 
	44.9707	  ,	39.3677	 
	45.0684	  ,	35.4004	 
	45.1355	  ,	34.1797	 
	45.2515	  ,	35.4004	 
	45.3369	  ,	36.0107	 
	45.4529	  ,	33.8745	 
	45.5627	  ,	34.4849	 
	45.6421	  ,	34.4849	 
	45.7581	  ,	37.2314	 
	45.8618	  ,	37.5366	 
	45.9534	  ,	39.3677	 
	46.051	  ,	39.3677	 
	46.1487	  ,	38.147	 
	46.228	  ,	35.0952	 
	46.3501	  ,	38.147	 
	46.4294	  ,	35.7056	 
	46.5454	  ,	36.6211	 
	46.6309	  ,	34.79	 
	46.7346	  ,	35.4004	 
	46.8506	  ,	33.5693	 
	46.9604	  ,	37.5366	 
	47.0398	  ,	39.0625	 
	47.1375	  ,	41.1987	 
	47.2534	  ,	42.4194	 
	47.3328	  ,	39.0625	 
	47.4426	  ,	38.7573	 
	47.5525	  ,	39.3677	 
	47.6563	  ,	39.0625	 
	47.7478	  ,	41.1987	 
	47.8271	  ,	38.4521	 
	47.937	  ,	39.0625	 
	48.0408	  ,	36.6211	 
	48.1323	  ,	36.0107	 
	48.2483	  ,	34.79	 
	48.3521	  ,	36.0107	 
	48.4558	  ,	39.978	 
	48.5474	  ,	37.8418	 
	48.645	  ,	40.5884	 
	48.7488	  ,	36.9263	 
	48.822	  ,	39.978	 
	48.9502	  ,	40.8936	 
	49.0295	  ,	38.7573	 
	49.1394	  ,	39.3677	 
	49.2371	  ,	40.8936	 
	49.3408	  ,	41.1987	 
	49.4202	  ,	39.0625	 
	49.5239	  ,	38.4521	 
	49.6399	  ,	36.9263	 
	49.7314	  ,	39.3677	 
	49.8413	  ,	42.7246	 
	49.9084	  ,	43.9453	 
	50.0183	  ,	41.5039	 
	50.1465	  ,	41.5039	 
	50.2441	  ,	46.3867	 
	50.3418	  ,	44.8608	 
	50.4395	  ,	41.1987	 
	50.5249	  ,	41.8091	 
	50.647	  ,	43.335	 
	50.7385	  ,	41.1987	 
	50.824	  ,	38.7573	 
	50.9094	  ,	43.9453	 
	51.0132	  ,	43.0298	 
	51.123	  ,	46.6919	 
	51.239	  ,	44.2505	 
	51.3184	  ,	45.166	 
	51.4343	  ,	44.5557	 
	51.532	  ,	46.0815	 
	51.6479	  ,	43.9453	 
	51.7273	  ,	42.7246	 
	51.8433	  ,	41.5039	 
	51.9409	  ,	42.4194	 
	52.0386	  ,	42.1143	 
	52.124	  ,	40.2832	 
	52.2278	  ,	41.5039	 
	52.3193	  ,	42.7246	 
	52.417	  ,	43.6401	 
	52.5208	  ,	44.5557	 
	52.6245	  ,	45.166	 
	52.7344	  ,	44.8608	 
	52.8198	  ,	45.4712	 
	52.9114	  ,	45.7764	 
	53.0273	  ,	43.335	 
	53.1189	  ,	42.7246	 
	53.241	  ,	43.9453	 
	53.3386	  ,	46.0815	 
	53.4241	  ,	42.1143	 
	53.54	  ,	42.4194	 
	53.6377	  ,	43.335	 
	53.7292	  ,	46.3867	 
	53.8147	  ,	45.7764	 
	53.9307	  ,	43.335	 
	54.0039	  ,	41.8091	 
	54.1077	  ,	44.2505	 
	54.2053	  ,	45.166	 
	54.3091	  ,	44.5557	 
	54.4067	  ,	43.6401	 
	54.5227	  ,	48.2178	 
	54.6204	  ,	47.6074	 
	54.7119	  ,	43.335	 
	54.8218	  ,	43.6401	 
	54.895	  ,	45.166	 
	55.011	  ,	43.335	 
	55.1331	  ,	43.9453	 
	55.2368	  ,	43.6401	 
	55.3345	  ,	43.9453	 
	55.4077	  ,	45.4712	 
	55.5176	  ,	47.6074	 
	55.6091	  ,	44.8608	 
	55.7251	  ,	48.2178	 
	55.8105	  ,	46.6919	 
	55.9021	  ,	45.166	 
	56.012	  ,	45.7764	 
	56.1218	  ,	46.0815	 
	56.2073	  ,	50.0488	 
	56.3171	  ,	46.6919	 
	56.4026	  ,	45.4712	 
	56.5125	  ,	43.0298	 
	56.5918	  ,	45.7764	 
	56.7017	  ,	48.5229	 
	56.8237	  ,	46.3867	 
	56.9214	  ,	45.166	 
	57.0129	  ,	46.3867	 
	57.1045	  ,	46.0815	 
	57.2205	  ,	51.5747	 
	57.2998	  ,	49.1333	 
	57.4036	  ,	47.3022	 
	57.5195	  ,	49.4385	 
	57.6172	  ,	47.9126	 
	57.7087	  ,	42.7246	 
	57.7942	  ,	48.5229	 
	57.9163	  ,	46.9971	 
	57.9895	  ,	50.6592	 
	58.1116	  ,	48.8281	 
	58.2275	  ,	52.7954	 
	58.3252	  ,	50.354	 
	58.4045	  ,	47.6074	 
	58.5205	  ,	50.0488	 
	58.6182	  ,	47.9126	 
	58.6975	  ,	46.3867	 
	58.8135	  ,	49.4385	 
	58.8928	  ,	49.1333	 
	59.0088	  ,	50.354	 
	59.0942	  ,	51.2695	 
	59.1858	  ,	51.8799	 
	59.2896	  ,	46.3867	 
	59.4055	  ,	47.9126	 
	59.5154	  ,	51.5747	 
	59.5947	  ,	54.6265	 
	59.7046	  ,	49.4385	 
	59.8022	  ,	47.6074	 
	59.9121	  ,	54.0161	 
	60.022	  ,	51.2695	 
	60.0952	  ,	54.0161	 
	60.2051	  ,	56.4575	 
	60.2966	  ,	52.1851	 
	60.3882	  ,	54.0161	 
	60.5103	  ,	52.1851	 
	60.5896	  ,	47.9126	 
	60.6995	  ,	51.2695	 
	60.8032	  ,	53.4058	 
	60.9131	  ,	54.0161	 
	61.0046	  ,	54.3213	 
	61.0901	  ,	50.6592	 
	61.1877	  ,	55.2368	 
	61.2976	  ,	53.4058	 
	61.3953	  ,	51.2695	 
	61.4868	  ,	49.7437	 
	61.5784	  ,	50.6592	 
	61.6882	  ,	55.2368	 
	61.792	  ,	56.7627	 
	61.8896	  ,	55.542	 
	61.9812	  ,	57.373	 
	62.1033	  ,	54.6265	 
	62.1887	  ,	61.9507	 
	62.3047	  ,	57.9834	 
	62.3657	  ,	54.6265	 
	62.4695	  ,	58.2886	 
	62.5732	  ,	61.9507	 
	62.6892	  ,	65.0024	 
	62.8052	  ,	59.8145	 
	62.8784	  ,	58.5938	 
	63.0005	  ,	59.5093	 
	63.0859	  ,	57.373	 
	63.1714	  ,	61.3403	 
	63.2629	  ,	61.6455	 
	63.3972	  ,	61.9507	 
	63.4827	  ,	63.1714	 
	63.5864	  ,	65.3076	 
	63.7024	  ,	62.8662	 
	63.7878	  ,	65.3076	 
	63.8977	  ,	60.4248	 
	63.9771	  ,	63.1714	 
	64.0991	  ,	61.3403	 
	64.1907	  ,	61.6455	 
	64.3005	  ,	62.2559	 
	64.386	  ,	58.2886	 
	64.4836	  ,	57.0679	 
	64.5935	  ,	55.2368	 
	64.679	  ,	59.8145	 
	64.7888	  ,	56.7627	 
	64.8743	  ,	52.7954	 
	64.9719	  ,	53.1006	 
	65.0879	  ,	54.9316	 
	65.1855	  ,	62.2559	 
	65.2954	  ,	59.5093	 
	65.3931	  ,	58.2886	 
	65.4785	  ,	59.8145	 
	65.5945	  ,	62.8662	 
	65.6921	  ,	61.0352	 
	65.7776	  ,	65.6128	 
	65.8813	  ,	63.7817	 
	65.979	  ,	61.9507	 
	66.0889	  ,	56.7627	 
	66.1804	  ,	62.561	 
	66.2903	  ,	60.73	 
	66.3696	  ,	62.2559	 
	66.4917	  ,	61.0352	 
	66.5833	  ,	62.2559	 
	66.6687	  ,	60.1196	 
	66.7908	  ,	62.561	 
	66.8945	  ,	62.8662	 
	66.9922	  ,	63.4766	 
	67.0715	  ,	59.8145	 
	67.1936	  ,	59.2041	 
	67.2729	  ,	61.9507	 
	67.395	  ,	61.6455	 
	67.4988	  ,	61.0352	 
	67.5964	  ,	60.73	 
	67.6941	  ,	58.5938	 
	67.7795	  ,	65.3076	 
	67.8772	  ,	62.2559	 
	67.9749	  ,	64.3921	 
	68.0664	  ,	68.6646	 
	68.1702	  ,	66.5283	 
	68.2678	  ,	66.5283	 
	68.3899	  ,	70.4956	 
	68.4814	  ,	70.8008	 
	68.5913	  ,	74.1577	 
	68.6951	  ,	66.8335	 
	68.7622	  ,	67.749	 
	68.8904	  ,	64.3921	 
	68.9636	  ,	62.561	 
	69.0735	  ,	60.4248	 
	69.1833	  ,	62.2559	 
	69.2871	  ,	65.6128	 
	69.3726	  ,	61.6455	 
	69.4702	  ,	66.2231	 
	69.5801	  ,	63.7817	 
	69.6716	  ,	61.9507	 
	69.7754	  ,	72.3267	 
	69.8608	  ,	64.3921	 
	69.9524	  ,	63.4766	 
	70.0806	  ,	65.6128	 
	70.166	  ,	67.1387	 
	70.282	  ,	63.4766	 
	70.3857	  ,	61.3403	 
	70.459	  ,	66.8335	 
	70.5872	  ,	65.6128	 
	70.6604	  ,	61.9507	 
	70.7642	  ,	66.5283	 
	70.8679	  ,	63.4766	 
	70.9717	  ,	59.8145	 
	71.0632	  ,	67.4438	 
	71.1792	  ,	66.8335	 
	71.2585	  ,	66.5283	 
	71.3806	  ,	66.2231	 
	71.4478	  ,	70.8008	 
	71.5515	  ,	73.5474	 
	71.6736	  ,	73.2422	 
	71.7468	  ,	72.6318	 
	71.8567	  ,	69.2749	 
	71.9604	  ,	66.8335	 
	72.0886	  ,	68.3594	 
	72.1619	  ,	68.3594	 
	72.2778	  ,	69.8853	 
	72.345	  ,	67.4438	 
	72.4426	  ,	69.2749	 
	72.5586	  ,	68.3594	 
	72.6501	  ,	66.8335	 
	72.7661	  ,	69.2749	 
	72.8638	  ,	66.2231	 
	72.9614	  ,	72.6318	 
	73.0713	  ,	69.2749	 
	73.175	  ,	68.9697	 
	73.2788	  ,	71.106	 
	73.3398	  ,	71.4111	 
	73.4619	  ,	72.6318	 
	73.5596	  ,	72.0215	 
	73.6572	  ,	73.2422	 
	73.7732	  ,	66.8335	 
	73.8586	  ,	71.106	 
	73.9746	  ,	71.106	 
	74.0601	  ,	72.3267	 
	74.1516	  ,	75.3784	 
	74.2554	  ,	76.9043	 
	74.3713	  ,	77.2095	 
	74.4629	  ,	74.7681	 
	74.5483	  ,	75.3784	 
	74.6582	  ,	73.5474	 
	74.762	  ,	71.4111	 
	74.8474	  ,	75.3784	 
	74.9512	  ,	72.937	 
	75.0549	  ,	77.8198	 
	75.1587	  ,	69.8853	 
	75.2502	  ,	76.9043	 
	75.354	  ,	76.9043	 
	75.47	  ,	79.9561	 
	75.5432	  ,	84.8389	 
	75.6653	  ,	83.313	 
	75.7629	  ,	80.5664	 
	75.8667	  ,	74.4629	 
	75.9644	  ,	73.8525	 
	76.0559	  ,	72.937	 
	76.1475	  ,	81.1768	 
	76.2573	  ,	74.1577	 
	76.3489	  ,	78.7354	 
	76.4465	  ,	75.0732	 
	76.532	  ,	78.7354	 
	76.6357	  ,	75.0732	 
	76.7456	  ,	78.125	 
	76.8494	  ,	77.8198	 
	76.9348	  ,	81.7871	 
	77.0569	  ,	82.3975	 
	77.1545	  ,	78.4302	 
	77.2583	  ,	79.0405	 
	77.3376	  ,	80.2612	 
	77.4414	  ,	80.5664	 
	77.5452	  ,	83.6182	 
	77.6367	  ,	84.2285	 
	77.7527	  ,	78.7354	 
	77.8503	  ,	76.5991	 
	77.948	  ,	81.4819	 
	78.0518	  ,	76.5991	 
	78.1616	  ,	82.0923	 
	78.2593	  ,	81.1768	 
	78.3264	  ,	81.4819	 
	78.4424	  ,	78.4302	 
	78.54	  ,	83.6182	 
	78.6316	  ,	86.9751	 
	78.7659	  ,	83.313	 
	78.8391	  ,	83.6182	 
	78.9551	  ,	86.3647	 
	79.0527	  ,	84.5337	 
	79.1321	  ,	87.5854	 
	79.2358	  ,	87.2803	 
	79.3518	  ,	82.3975	 
	79.4495	  ,	80.2612	 
	79.4495	  ,	80.2612	 
	79.6387	  ,	83.9233	 
	79.7363	  ,	79.9561	 
	79.8401	  ,	76.5991	 
	79.9438	  ,	82.0923	 
	80.0354	  ,	80.5664	 
	80.1453	  ,	83.6182	 
	80.2368	  ,	84.5337	 
	80.3284	  ,	82.3975	 
	80.4565	  ,	82.3975	 
	80.5298	  ,	86.6699	 
	80.6458	  ,	84.2285	 
	80.7495	  ,	87.5854	 
	80.8533	  ,	88.501	 
	80.9509	  ,	86.6699	 
	81.0364	  ,	90.332	 
	81.134	  ,	90.0269	 
	81.2439	  ,	90.6372	 
	81.3354	  ,	92.1631	 
	81.4453	  ,	88.501	 
	81.5369	  ,	88.8062	 
	81.6162	  ,	88.1958	 
	81.7444	  ,	86.0596	 
	81.842	  ,	95.8252	 
	81.9336	  ,	91.2476	 
	82.0251	  ,	84.5337	 
	82.1533	  ,	93.689	 
	82.2266	  ,	89.4165	 
	82.3364	  ,	80.8716	 
	82.4402	  ,	85.7544	 
	82.5439	  ,	84.8389	 
	82.6355	  ,	94.2993	 
	82.7271	  ,	90.9424	 
	82.843	  ,	87.5854	 
	82.9285	  ,	88.501	 
	83.0383	  ,	90.6372	 
	83.1421	  ,	86.3647	 
	83.2397	  ,	87.8906	 
	83.3374	  ,	90.0269	 
	83.4412	  ,	88.501	 
	83.5388	  ,	90.9424	 
	83.6304	  ,	89.4165	 
	83.7219	  ,	92.7734	 
	83.844	  ,	96.4355	 
	83.9355	  ,	94.9097	 
	84.021	  ,	92.4683	 
	84.1248	  ,	93.9941	 
	84.2224	  ,	88.1958	 
	84.3262	  ,	90.0269	 
	84.4421	  ,	90.9424	 
	84.5215	  ,	93.0786	 
	84.6436	  ,	98.2666	 
	84.7412	  ,	96.1304	 
	84.8145	  ,	100.098	 
	84.9121	  ,	97.6563	 
	85.0403	  ,	94.6045	 
	85.1379	  ,	94.6045	 
	85.2356	  ,	95.2148	 
	85.321	  ,	99.4873	 
	85.4248	  ,	100.708	 
	85.5286	  ,	101.929	 
	85.6323	  ,	100.403	 
	85.7178	  ,	104.065	 
	85.8215	  ,	101.013	 
	85.9192	  ,	99.7925	 
	86.0352	  ,	98.2666	 
	86.1145	  ,	99.1821	 
	86.2305	  ,	93.689	 
	86.3159	  ,	103.455	 
	86.4319	  ,	100.098	 
	86.5417	  ,	98.2666	 
	86.6211	  ,	95.52	 
	86.731	  ,	91.5527	 
	86.8286	  ,	95.52	 
	86.9385	  ,	100.708	 
	87.0117	  ,	97.0459	 
	87.1277	  ,	97.0459	 
	87.2131	  ,	94.2993	 
	87.3291	  ,	95.8252	 
	87.439	  ,	94.6045	 
	87.5305	  ,	99.4873	 
	87.6282	  ,	101.318	 
	87.7075	  ,	103.455	 
	87.8235	  ,	104.065	 
	87.9089	  ,	104.37	 
	88.0188	  ,	101.929	 
	88.1042	  ,	97.3511	 
	88.1958	  ,	95.2148	 
	88.3301	  ,	101.318	 
	88.4155	  ,	96.7407	 
	88.5193	  ,	101.013	 
	88.623	  ,	101.318	 
	88.6963	  ,	97.3511	 
	88.8367	  ,	107.117	 
	88.9099	  ,	103.455	 
	89.0137	  ,	105.591	 
	89.1113	  ,	105.591	 
	89.2029	  ,	104.98	 
	89.3005	  ,	108.337	 
	89.4226	  ,	104.37	 
	89.5142	  ,	112.305	 
	89.6179	  ,	104.98	 
	89.7217	  ,	112.305	 
	89.8071	  ,	105.591	 
	89.9048	  ,	97.3511	 
	90.0146	  ,	97.9614	 
	90.1123	  ,	97.6563	 
	90.2161	  ,	99.7925	 
	90.3076	  ,	104.065	 
	90.3992	  ,	101.929	 
	90.5151	  ,	99.1821	 
	90.625	  ,	111.694	 
	90.7104	  ,	113.831	 
	90.8081	  ,	113.525	 
	90.918	  ,	111.084	 
