#DataThief /Users/harish/Work/CaMo/Chondrocyte Modelling/model/data/reference_values/Total_Current_vs_Voltage_without_BUP.png Monday 4-Jul-2011 2:39:54 PM
-149.5974, -228.7957
-149.2989, -227.7487
-149.002, -227.7487
-148.705, -227.7487
-148.4082, -227.7487
-148.1113, -227.7487
-147.8144, -227.7487
-147.5173, -227.7487
-147.2205, -227.7487
-146.9236, -227.7487
-146.6267, -227.7487
-146.3298, -227.7487
-146.0329, -227.7487
-145.736, -227.7487
-145.4375, -226.7016
-145.1406, -226.7016
-144.8437, -226.7016
-144.5468, -226.7016
-144.2499, -226.7016
-143.9529, -226.7016
-143.656, -226.7016
-143.3591, -226.7016
-143.0622, -226.7016
-142.7652, -226.7016
-142.4668, -225.6545
-142.1699, -225.6545
-141.873, -225.6545
-141.576, -225.6545
-141.2792, -225.6545
-140.9823, -225.6545
-140.6854, -225.6545
-140.3884, -225.6545
-140.09, -224.6073
-139.7931, -224.6073
-139.4962, -224.6073
-139.1992, -224.6073
-138.9022, -224.6073
-138.6054, -224.6073
-138.3085, -224.6073
-138.0116, -224.6073
-137.7147, -224.6073
-137.4178, -224.6073
-137.1193, -223.5602
-136.8224, -223.5602
-136.5255, -223.5602
-136.2286, -223.5602
-135.9317, -223.5602
-135.6347, -223.5602
-135.3378, -223.5602
-135.0409, -223.5602
-134.744, -223.5602
-134.4471, -223.5602
-134.1502, -223.5602
-133.8533, -223.5602
-133.5548, -222.5131
-133.2579, -222.5131
-132.9609, -222.5131
-132.6641, -222.5131
-132.3672, -222.5131
-132.0702, -222.5131
-131.7732, -222.5131
-131.4764, -222.5131
-131.1795, -222.5131
-130.881, -221.466
-130.584, -221.466
-130.2872, -221.466
-129.9903, -221.466
-129.6934, -221.466
-129.3965, -221.466
-129.0996, -221.466
-128.8027, -221.466
-128.5057, -221.466
-128.2073, -220.4188
-127.9104, -220.4188
-127.6134, -220.4188
-127.3165, -220.4188
-127.0196, -220.4188
-126.7212, -219.3717
-126.4242, -219.3717
-126.1273, -219.3717
-125.8304, -219.3717
-125.5335, -219.3717
-125.2349, -218.3246
-124.9381, -218.3246
-124.6412, -218.3246
-124.3443, -218.3246
-124.0474, -218.3246
-123.7505, -218.3246
-123.452, -217.2775
-123.1551, -217.2775
-122.8582, -217.2775
-122.5613, -217.2775
-122.2628, -216.2304
-121.9659, -216.2304
-121.669, -216.2304
-121.3721, -216.2304
-121.0752, -216.2304
-120.7783, -216.2304
-120.4798, -215.1832
-120.1829, -215.1832
-119.886, -215.1832
-119.589, -215.1832
-119.2906, -214.136
-118.9937, -214.136
-118.6968, -214.136
-118.3998, -214.136
-118.1029, -214.136
-117.8045, -213.089
-117.5076, -213.089
-117.2106, -213.089
-116.9137, -213.089
-116.6168, -213.089
-116.3184, -212.0419
-116.0214, -212.0419
-115.7245, -212.0419
-115.4276, -212.0419
-115.1307, -212.0419
-114.8322, -210.9948
-114.5352, -210.9948
-114.2384, -210.9948
-113.9415, -210.9948
-113.643, -209.9476
-113.3461, -209.9476
-113.0492, -209.9476
-112.7523, -209.9476
-112.4554, -209.9476
-112.1585, -209.9476
-111.8599, -208.9005
-111.5631, -208.9005
-111.2662, -208.9005
-110.9693, -208.9005
-110.6707, -207.8534
-110.3739, -207.8534
-110.077, -207.8534
-109.7801, -207.8534
-109.4832, -207.8534
-109.1847, -206.8063
-108.8878, -206.8063
-108.5909, -206.8063
-108.294, -206.8063
-107.9969, -206.8063
-107.6985, -205.7591
-107.4017, -205.7591
-107.1047, -205.7591
-106.8077, -205.7591
-106.5093, -204.712
-106.2125, -204.712
-105.9155, -204.712
-105.6186, -204.712
-105.3202, -203.6649
-105.0233, -203.6649
-104.7263, -203.6649
-104.4294, -203.6649
-104.1325, -203.6649
-103.834, -202.6178
-103.5371, -202.6178
-103.2402, -202.6178
-102.9433, -202.6178
-102.6448, -201.5707
-102.3479, -201.5707
-102.051, -201.5707
-101.7541, -201.5707
-101.4556, -200.5236
-101.1587, -200.5236
-100.8618, -200.5236
-100.5649, -200.5236
-100.2664, -199.4764
-99.9695, -199.4764
-99.6726, -199.4764
-99.3757, -199.4764
-99.0772, -198.4293
-98.7803, -198.4293
-98.4834, -198.4293
-98.1865, -198.4293
-97.8896, -198.4293
-97.5911, -197.3822
-97.2942, -197.3822
-96.9973, -197.3822
-96.6987, -196.3351
-96.4019, -196.3351
-96.105, -196.3351
-95.8081, -196.3351
-95.5096, -195.288
-95.2127, -195.288
-94.9158, -195.288
-94.6173, -194.2408
-94.3204, -194.2408
-94.0235, -194.2408
-93.725, -193.1937
-93.4281, -193.1937
-93.1312, -193.1937
-92.8343, -193.1937
-92.5358, -192.1466
-92.2389, -192.1466
-91.942, -192.1466
-91.6436, -191.0995
-91.3466, -191.0995
-91.0482, -190.0524
-90.7513, -190.0524
-90.4544, -190.0524
-90.1559, -189.0052
-89.859, -189.0052
-89.5605, -187.9581
-89.2636, -187.9581
-88.9651, -186.911
-88.6682, -186.911
-88.3713, -186.911
-88.0728, -185.8639
-87.7744, -184.8168
-87.4775, -184.8168
-87.179, -183.7696
-86.882, -183.7696
-86.5836, -182.7225
-86.2851, -181.6754
-85.9882, -181.6754
-85.6898, -180.6282
-85.3913, -179.5812
-85.0944, -179.5812
-84.7959, -178.534
-84.4975, -177.4868
-84.2005, -177.4868
-83.9021, -176.4398
-83.6036, -175.3927
-83.3067, -175.3927
-83.0082, -174.3455
-82.7113, -174.3455
-82.4129, -173.2984
-82.1144, -172.2513
-81.8175, -172.2513
-81.519, -171.2042
-81.2205, -170.1571
-80.9236, -170.1571
-80.6252, -169.1099
-80.3267, -168.0628
-80.0298, -168.0628
-79.7313, -167.0157
-79.4344, -167.0157
-79.1359, -165.9686
-78.8375, -164.9215
-78.5406, -164.9215
-78.2421, -163.8742
-77.9452, -163.8742
-77.6467, -162.8272
-77.3498, -162.8272
-77.0513, -161.7801
-76.7544, -161.7801
-76.456, -160.733
-76.159, -160.733
-75.8606, -159.6859
-75.5636, -159.6859
-75.2652, -158.6387
-74.9667, -157.5916
-74.6698, -157.5916
-74.3714, -156.5445
-74.0744, -156.5445
-73.776, -155.4974
-73.4791, -155.4974
-73.1806, -154.4503
-72.8837, -154.4503
-72.5852, -153.4031
-72.2883, -153.4031
-71.9898, -152.3559
-71.6928, -152.3559
-71.3945, -151.3089
-71.0975, -151.3089
-70.7991, -150.2618
-70.5022, -150.2618
-70.2037, -149.2147
-69.9068, -149.2147
-69.6082, -148.1675
-69.3114, -148.1675
-69.0129, -147.1204
-68.716, -147.1204
-68.4176, -146.0733
-68.1207, -146.0733
-67.8222, -145.0262
-67.5253, -145.0262
-67.2268, -143.979
-66.9299, -143.979
-66.6314, -142.9319
-66.3345, -142.9319
-66.0361, -141.8848
-65.7391, -141.8848
-65.4407, -140.8377
-65.1438, -140.8377
-64.8453, -139.7906
-64.5484, -139.7906
-64.2499, -138.7435
-63.9529, -138.7435
-63.6545, -137.6963
-63.3576, -137.6963
-63.0592, -136.6492
-62.7622, -136.6492
-62.4638, -135.6021
-62.1669, -135.6021
-61.8683, -134.555
-61.5715, -134.555
-61.273, -133.5079
-60.9761, -133.5079
-60.6776, -132.4607
-60.3807, -132.4607
-60.0823, -131.4136
-59.7838, -130.3665
-59.4868, -130.3665
-59.1884, -129.3194
-58.8915, -129.3194
-58.593, -128.2723
-58.2961, -128.2723
-57.9977, -127.2251
-57.7006, -127.2251
-57.4022, -126.178
-57.1054, -126.178
-56.8069, -125.1309
-56.51, -125.1309
-56.2115, -124.0838
-55.9131, -123.0366
-55.616, -123.0366
-55.3176, -121.9895
-55.0208, -121.9895
-54.7223, -120.9424
-54.4254, -120.9424
-54.1269, -119.8953
-53.83, -119.8953
-53.5314, -118.8481
-53.2331, -117.801
-52.9362, -117.801
-52.6377, -116.7539
-52.3408, -116.7539
-52.0423, -115.7067
-51.7439, -114.6597
-51.4469, -114.6597
-51.1485, -113.6126
-50.8516, -113.6126
-50.5531, -112.5654
-50.2546, -111.5183
-49.9577, -111.5183
-49.6593, -110.4712
-49.3623, -110.4712
-49.0639, -109.4241
-48.7654, -108.377
-48.4685, -108.377
-48.17, -107.3298
-47.8716, -106.2827
-47.5746, -106.2827
-47.2762, -105.2356
-46.9777, -104.1885
-46.6808, -104.1885
-46.3822, -103.1414
-46.0839, -102.0942
-45.787, -102.0942
-45.4885, -101.0471
-45.19, -100.0
-44.8931, -100.0
-44.5946, -98.9529
-44.2962, -97.9058
-43.9992, -97.9058
-43.7008, -96.8586
-43.4022, -95.8115
-43.1039, -94.7644
-42.807, -94.7644
-42.5085, -93.7173
-42.21, -92.6702
-41.9131, -92.6702
-41.6146, -91.623
-41.3162, -90.5758
-41.0177, -89.5288
-40.7208, -89.5288
-40.4223, -88.4817
-40.1239, -87.4346
-39.8254, -86.3874
-39.5269, -85.3403
-39.2285, -84.2932
-38.9316, -84.2932
-38.6331, -83.2461
-38.3346, -82.199
-38.0362, -81.1518
-37.7377, -80.1047
-37.4392, -79.0576
-37.1423, -79.0576
-36.8454, -79.0576
-36.5469, -78.0105
-36.5453, -76.9634
-36.2485, -76.9634
-36.2469, -75.9162
-35.9484, -74.8691
-35.65, -73.822
-35.3515, -72.7749
-35.053, -71.7277
-34.7546, -70.6806
-34.4561, -69.6335
-34.1576, -68.5864
-33.8592, -67.5393
-33.5607, -66.4921
-33.2622, -65.445
-32.9638, -64.3979
-32.6669, -64.3979
-32.3684, -63.3508
-32.0699, -62.3037
-31.7715, -61.2565
-31.4729, -60.2094
-31.1745, -59.1623
-30.8761, -58.1152
-30.5776, -57.0681
-30.2807, -57.0681
-30.2791, -56.0209
-29.9822, -56.0209
-29.6837, -54.9738
-29.3853, -53.9266
-29.0868, -52.8796
-28.7883, -51.8325
-28.4914, -51.8325
-28.193, -50.7852
-27.8944, -49.7382
-27.596, -48.6911
-27.2976, -47.644
-27.0007, -47.644
-26.7022, -46.5969
-26.4037, -45.5497
-26.1053, -44.5026
-25.8068, -43.4555
-25.5099, -43.4555
-25.2114, -42.4083
-24.9129, -41.3613
-24.6145, -40.3141
-24.3176, -40.3141
-24.0191, -39.267
-23.7206, -38.2199
-23.4237, -38.2199
-23.1253, -37.1728
-22.8268, -36.1257
-22.5283, -35.0785
-22.2314, -35.0785
-21.9329, -34.0314
-21.6345, -32.9843
-21.3376, -32.9843
-21.0391, -31.9372
-20.7406, -30.8901
-20.4437, -30.8901
-20.1453, -29.8429
-19.8483, -29.8429
-19.5499, -28.7957
-19.2514, -27.7487
-18.9545, -27.7487
-18.656, -26.7016
-18.3591, -26.7016
-18.0607, -25.6545
-17.7622, -24.6073
-17.4653, -24.6073
-17.1668, -23.5602
-16.8699, -23.5602
-16.5714, -22.5131
-16.2745, -22.5131
-15.976, -21.466
-15.6791, -21.466
-15.3807, -20.4188
-15.0838, -20.4188
-14.7852, -19.3717
-14.4884, -19.3717
-14.1899, -18.3246
-13.893, -18.3246
-13.5945, -17.2775
-13.2976, -17.2775
-12.9992, -16.2304
-12.7022, -16.2304
-12.4038, -15.1832
-12.1053, -14.136
-11.8084, -14.136
-11.5099, -13.089
-11.213, -13.089
-10.9146, -12.0419
-10.6176, -12.0419
-10.3207, -12.0419
-10.0223, -10.9948
-9.7252, -10.9948
-9.4269, -9.9476
-9.13, -9.9476
-8.8315, -8.9005
-8.5346, -8.9005
-8.2361, -7.8534
-7.9392, -7.8534
-7.6407, -6.8063
-7.3437, -6.8063
-7.0454, -5.7591
-6.7485, -5.7591
-6.45, -4.712
-6.1515, -3.6649
-5.8546, -3.6649
-5.5561, -2.6178
-5.2591, -2.6178
-4.9607, -1.5707
-4.6639, -1.5707
-4.3654, -0.5236
-4.0685, -0.5236
-3.77, 0.5236
-3.4715, 1.5707
-3.1746, 1.5707
-2.8761, 2.6178
-2.5792, 2.6178
-2.2808, 3.6649
-1.9839, 3.6649
-1.6854, 4.712
-1.3869, 5.7591
-1.09, 5.7591
-0.7915, 6.8063
-0.4931, 7.8534
-0.1962, 7.8534
0.1023, 8.9005
0.3992, 8.9005
0.6977, 9.9476
0.9961, 10.9948
1.293, 10.9948
1.5915, 12.0419
1.89, 13.089
2.1869, 13.089
2.4854, 14.136
2.7823, 14.136
3.0807, 15.1832
3.3792, 16.2304
3.6761, 16.2304
3.9746, 17.2775
4.273, 18.3246
4.5699, 18.3246
4.8683, 19.3717
5.1669, 20.4188
5.4638, 20.4188
5.7623, 21.466
6.0607, 22.5131
6.3577, 22.5131
6.6561, 23.5602
6.9546, 24.6073
7.2515, 24.6073
7.55, 25.6545
7.8469, 25.6545
8.1453, 26.7016
8.4438, 27.7487
8.7423, 28.7957
9.0392, 28.7957
9.3377, 29.8429
9.636, 30.8901
9.933, 30.8901
10.2315, 31.9372
10.53, 32.9843
10.8269, 32.9843
11.1253, 34.0314
11.4238, 35.0785
11.7207, 35.0785
12.0192, 36.1257
12.3176, 37.1728
12.6146, 37.1728
12.913, 38.2199
13.2115, 39.267
13.5084, 39.267
13.8069, 40.3141
14.1053, 41.3613
14.4038, 42.4083
14.7006, 42.4083
14.9992, 43.4555
15.2977, 44.5026
15.5946, 44.5026
15.893, 45.5497
16.1915, 46.5969
16.4884, 46.5969
16.7869, 47.644
17.0853, 48.6911
17.3822, 48.6911
17.6806, 49.7382
17.9792, 50.7852
18.2777, 51.8325
18.576, 52.8796
18.873, 52.8796
19.1715, 53.9266
19.4684, 53.9266
19.7669, 54.9738
20.0654, 56.0209
20.3638, 57.0681
20.6606, 57.0681
20.9592, 58.1152
21.2577, 59.1623
21.5546, 59.1623
21.853, 60.2094
22.1515, 61.2565
22.45, 62.3037
22.7469, 62.3037
23.0454, 63.3508
23.3437, 64.3979
23.6407, 64.3979
23.9392, 65.445
24.2377, 66.4921
24.5361, 67.5393
24.833, 67.5393
25.1315, 68.5864
25.43, 69.6335
25.7269, 69.6335
26.0254, 70.6806
26.3237, 71.7277
26.6223, 72.7749
26.9192, 72.7749
27.2177, 73.822
27.5161, 74.8691
27.813, 74.8691
28.1115, 75.9162
28.41, 76.9634
28.7084, 78.0105
29.0054, 78.0105
29.3038, 79.0576
29.6023, 80.1047
29.9008, 81.1518
30.1977, 81.1518
30.4961, 82.199
30.7946, 83.2461
31.0915, 83.2461
31.39, 84.2932
31.6885, 85.3403
31.9854, 85.3403
32.2838, 86.3874
32.5823, 87.4346
32.8792, 87.4346
33.1777, 88.4817
33.4761, 89.5288
33.7731, 89.5288
34.0715, 90.5758
34.37, 91.623
34.6669, 91.623
34.9654, 92.6702
35.2638, 93.7173
35.5607, 93.7173
35.8592, 94.7644
36.1577, 95.8115
36.4546, 95.8115
36.753, 96.8586
37.05, 96.8586
37.3484, 97.9058
37.6469, 98.9529
37.9438, 98.9529
38.2423, 100.0
38.5407, 101.0471
38.8377, 101.0471
39.136, 102.0942
39.433, 102.0942
39.7315, 103.1414
40.03, 104.1885
40.3269, 104.1885
40.6253, 105.2356
40.9223, 105.2356
41.2207, 106.2827
41.5192, 107.3298
41.8161, 107.3298
42.1146, 108.377
42.4115, 108.377
42.71, 109.4241
43.0084, 110.4712
43.3053, 110.4712
43.6038, 111.5183
43.9007, 111.5183
44.1992, 112.5654
44.4976, 113.6126
44.7946, 113.6126
45.093, 114.6597
45.3915, 115.7067
45.6884, 115.7067
45.9868, 116.7539
46.2838, 116.7539
46.5822, 117.801
46.8807, 118.8481
47.1776, 118.8481
47.4761, 119.8953
47.773, 119.8953
48.0715, 120.9424
48.3684, 120.9424
48.6667, 121.9895
48.9653, 123.0366
49.2622, 123.0366
49.5607, 124.0838
49.8576, 124.0838
50.1561, 125.1309
50.453, 125.1309
50.7515, 126.178
51.0499, 127.2251
51.3468, 127.2251
51.6453, 128.2723
51.9422, 128.2723
52.2407, 129.3194
52.5391, 130.3665
52.8361, 130.3665
53.1345, 131.4136
53.4314, 131.4136
53.7299, 132.4607
54.0284, 133.5079
54.3253, 133.5079
54.6237, 134.555
54.9207, 134.555
55.2191, 135.6021
55.5175, 136.6492
55.8145, 136.6492
56.113, 137.6963
56.4114, 138.7435
56.7083, 138.7435
57.0068, 139.7906
57.3037, 139.7906
57.6021, 140.8377
57.9007, 141.8848
58.1976, 141.8848
58.496, 142.9319
58.7945, 143.979
59.0914, 143.979
59.3899, 145.0262
59.6884, 146.0733
59.9853, 146.0733
60.2837, 147.1204
60.5822, 148.1675
60.8791, 148.1675
61.1776, 149.2147
61.476, 150.2618
61.773, 150.2618
62.0714, 151.3089
62.3699, 152.3559
62.6667, 152.3559
62.9653, 153.4031
63.2637, 154.4503
63.5606, 154.4503
63.8591, 155.4974
64.1576, 156.5445
64.4545, 156.5445
64.753, 157.5916
65.0514, 158.6387
65.3498, 159.6859
65.6468, 159.6859
65.9453, 160.733
66.2437, 161.7801
66.5422, 162.8272
66.8391, 162.8272
66.8407, 163.8742
67.1376, 163.8742
67.436, 164.9215
67.7345, 165.9686
68.0314, 165.9686
68.3299, 167.0157
68.6284, 168.0628
68.9268, 169.1099
69.2253, 170.1571
69.5222, 170.1571
69.8207, 171.2042
70.1191, 172.2513
70.4176, 173.2984
70.7161, 174.3455
71.0145, 175.3927
71.3114, 175.3927
71.6099, 176.4398
71.9083, 177.4868
72.2068, 178.534
72.5053, 179.5812
72.8022, 179.5812
73.1007, 180.6282
73.3992, 181.6754
73.6976, 182.7225
73.9945, 182.7225
74.293, 183.7696
74.5915, 184.8168
74.8899, 185.8639
75.1884, 186.911
75.4853, 186.911
75.7838, 187.9581
76.0823, 189.0052
76.3807, 190.0524
76.6776, 190.0524
76.9761, 191.0995
77.2746, 192.1466
77.573, 193.1937
77.8699, 193.1937
78.1684, 194.2408
78.4668, 195.288
78.7652, 196.3351
79.0638, 197.3822
79.3607, 197.3822
79.6592, 198.4293
79.9577, 199.4764
80.2561, 200.5236
80.553, 200.5236
80.8515, 201.5707
81.15, 202.6178
81.4484, 203.6649
81.7452, 203.6649
82.0438, 204.712
82.3423, 205.7591
82.6407, 206.8063
82.9392, 207.8534
83.2361, 207.8534
83.2377, 208.9005
83.5346, 208.9005
83.8331, 209.9476
84.1315, 210.9948
84.4284, 210.9948
84.7269, 212.0419
85.0254, 213.089
85.3237, 214.136
85.6223, 215.1832
85.9192, 215.1832
86.2177, 216.2304
86.5161, 217.2775
86.8146, 218.3246
87.1131, 219.3717
87.41, 219.3717
87.7085, 220.4188
88.0069, 221.466
88.3054, 222.5131
88.6038, 223.5602
88.9022, 224.6073
89.2008, 225.6545
89.4977, 225.6545
89.4993, 226.7016
89.7962, 226.7016
90.0946, 227.7487
90.3931, 228.7957
90.6916, 229.8429
90.99, 230.8901
91.2885, 231.9372
91.587, 232.9843
91.8854, 234.0314
92.1824, 234.0314
92.1839, 235.0785
92.4808, 235.0785
92.7793, 236.1257
93.0778, 237.1728
93.3761, 238.2199
93.6747, 239.267
93.9731, 240.3141
94.2716, 241.3613
94.5701, 242.4083
94.8686, 243.4555
95.167, 244.5026
95.4655, 245.5497
95.764, 246.5969
96.0624, 247.644
96.3609, 248.6911
96.6594, 249.7382
96.9578, 250.7852
97.2563, 251.8325
97.5547, 252.8796
97.8532, 253.9266
98.1517, 254.9738
98.4501, 256.0209
98.7486, 257.0681
99.0471, 258.1152
99.3439, 258.1152
99.3455, 259.1623
99.644, 260.2094
99.9409, 260.2094
100.2394, 261.2565
100.5379, 262.3037
