-129.7527, -0.2699
-129.4379, -0.2703
-129.1231, -0.2707
-128.8083, -0.2711
-128.4935, -0.2715
-128.1788, -0.2718
-127.8639, -0.2722
-127.5492, -0.2726
-127.2344, -0.273
-126.9196, -0.2734
-126.6048, -0.2738
-126.29, -0.2742
-125.9752, -0.2745
-125.6604, -0.2749
-125.3457, -0.2753
-125.0309, -0.2757
-124.7161, -0.2761
-124.4013, -0.2765
-124.0865, -0.2769
-123.7717, -0.2772
-123.4569, -0.2776
-123.1421, -0.278
-122.8273, -0.2784
-122.5126, -0.2788
-122.1978, -0.2792
-121.883, -0.2796
-121.5682, -0.2799
-121.2534, -0.2803
-120.9386, -0.2807
-120.6238, -0.2811
-120.309, -0.2814
-119.9942, -0.2819
-119.6795, -0.2823
-119.3647, -0.2826
-119.0499, -0.283
-118.7351, -0.2833
-118.4203, -0.2838
-118.1055, -0.2842
-117.7907, -0.2846
-117.4759, -0.285
-117.1611, -0.2852
-116.8464, -0.2857
-116.5316, -0.2861
-116.2168, -0.2865
-115.902, -0.2869
-115.5872, -0.2873
-115.2724, -0.2877
-114.9576, -0.288
-114.6428, -0.2884
-114.328, -0.2888
-114.0132, -0.2892
-113.6985, -0.2896
-113.3837, -0.29
-113.0689, -0.2904
-112.7541, -0.2907
-112.4393, -0.2911
-112.1245, -0.2915
-111.8096, -0.2919
-111.4949, -0.2923
-111.1801, -0.2927
-110.8654, -0.2931
-110.5506, -0.2934
-110.2358, -0.2938
-109.921, -0.2942
-109.6061, -0.2946
-109.2913, -0.295
-108.9766, -0.2953
-108.6618, -0.2958
-108.347, -0.2961
-108.0323, -0.2965
-107.7175, -0.2969
-107.4027, -0.2973
-107.0879, -0.2977
-106.7731, -0.2981
-106.4583, -0.2985
-106.1435, -0.2988
-105.8287, -0.2992
-105.5139, -0.2995
-105.1992, -0.3
-104.8843, -0.3004
-104.5695, -0.3008
-104.2548, -0.3012
-103.94, -0.3014
-103.6252, -0.3019
-103.3104, -0.3023
-102.9956, -0.3027
-102.6808, -0.3031
-102.366, -0.3035
-102.0513, -0.3039
-101.7365, -0.3042
-101.4217, -0.3046
-101.1069, -0.305
-100.7921, -0.3054
-100.4773, -0.3058
-100.1625, -0.3062
-99.8477, -0.3066
-99.533, -0.3069
-99.2182, -0.3073
-98.9034, -0.3077
-98.5886, -0.3081
-98.2717, -0.1859
-97.9569, -0.1863
-97.6421, -0.1867
-97.3274, -0.1871
-97.0126, -0.1875
-96.6978, -0.1879
-96.383, -0.1883
-96.0682, -0.1886
-95.7534, -0.189
-95.4386, -0.1894
-95.1239, -0.1898
-94.8091, -0.1902
-94.4943, -0.1905
-94.1795, -0.191
-93.8647, -0.1913
-93.5499, -0.1917
-93.2351, -0.1921
-92.9203, -0.1925
-92.6055, -0.1929
-92.2908, -0.1933
-91.976, -0.1937
-91.6612, -0.194
-91.3464, -0.1944
-91.0316, -0.1948
-90.7168, -0.1952
-90.402, -0.1956
-90.0872, -0.196
-89.7724, -0.1964
-89.4577, -0.1967
-89.1429, -0.1971
-88.8281, -0.1975
-88.5133, -0.1979
-88.1985, -0.1983
-87.8837, -0.1987
-87.5689, -0.1991
-87.2541, -0.1994
-86.9393, -0.1998
-86.6246, -0.2002
-86.3098, -0.2006
-85.995, -0.201
-85.6802, -0.2014
-85.3654, -0.2018
-85.0506, -0.2021
-84.7358, -0.2025
-84.421, -0.2029
-84.1062, -0.2033
-83.7915, -0.2037
-83.4767, -0.2041
-83.1619, -0.2045
-82.8471, -0.2048
-82.5323, -0.2052
-82.2175, -0.2056
-81.9026, -0.206
-81.5878, -0.2064
-81.2731, -0.2068
-80.9584, -0.2072
-80.6436, -0.2075
-80.3288, -0.2079
-80.0119, -0.0858
-79.6971, -0.0862
-79.3824, -0.0865
-79.0676, -0.0869
-78.7528, -0.0873
-78.438, -0.0877
-78.1232, -0.0881
-77.8084, -0.0885
-77.4936, -0.0889
-77.1788, -0.0892
-76.8639, -0.0896
-76.5493, -0.09
-76.2345, -0.0904
-75.9197, -0.0908
-75.6049, -0.0912
-75.2901, -0.0916
-74.9752, -0.0919
-74.6604, -0.0923
-74.3457, -0.0927
-74.0309, -0.0931
-73.7162, -0.0935
-73.4014, -0.0939
-73.0866, -0.0943
-72.7718, -0.0946
-72.457, -0.095
-72.1421, -0.0954
-71.8274, -0.0958
-71.5126, -0.0962
-71.1978, -0.0966
-70.8831, -0.097
-70.5683, -0.0973
-70.2535, -0.0977
-69.9386, -0.0981
-69.6239, -0.0985
-69.3091, -0.0989
-68.9943, -0.0993
-68.6795, -0.0997
-68.3647, -0.1
-68.05, -0.1004
-67.7351, -0.1008
-67.4203, -0.1012
-67.1056, -0.1016
-66.7887, 0.0206
-66.474, 0.0202
-66.1592, 0.0198
-65.8444, 0.0194
-65.5295, 0.019
-65.2147, 0.0186
-64.9, 0.0183
-64.5852, 0.0179
-64.2704, 0.0175
-63.9556, 0.0171
-63.6409, 0.0167
-63.3261, 0.0163
-63.0113, 0.0159
-62.6965, 0.0156
-62.3817, 0.0152
-62.0669, 0.0148
-61.7521, 0.0144
-61.4373, 0.014
-61.1225, 0.0136
-60.8077, 0.0132
-60.4929, 0.0129
-60.1782, 0.0125
-59.8634, 0.0121
-59.5486, 0.0117
-59.2338, 0.0113
-58.919, 0.0109
-58.6042, 0.0105
-58.2894, 0.0102
-57.9747, 9.7729e-3
-57.6599, 9.3871e-3
-57.3451, 9.0013e-3
-57.0303, 8.6155e-3
-56.7155, 8.2298e-3
-56.4007, 7.844e-3
-56.0859, 7.4582e-3
-55.7711, 7.0725e-3
-55.4563, 6.6867e-3
-55.1416, 6.3009e-3
-54.8268, 5.9152e-3
-54.512, 5.5294e-3
-54.1972, 5.1436e-3
-53.8824, 4.7578e-3
-53.5676, 4.3721e-3
-53.2528, 3.9863e-3
-52.938, 3.6005e-3
-52.6232, 3.2148e-3
-52.3085, 2.829e-3
-51.9937, 2.4432e-3
-51.6789, 2.0574e-3
-51.3641, 1.6717e-3
-51.0493, 1.2859e-3
-50.7345, 9.0013e-4
-50.4197, 5.1436e-4
-50.1049, 1.2859e-4
-49.7901, -2.5718e-4
-49.4754, -6.4295e-4
-49.1606, -1.0287e-3
-48.8458, -1.4145e-3
-48.531, -1.8003e-3
-48.2141, 0.1204
-47.8993, 0.12
-47.5846, 0.1196
-47.2698, 0.1192
-46.955, 0.1188
-46.6402, 0.1184
-46.3254, 0.1179
-46.0106, 0.1177
-45.6958, 0.1173
-45.381, 0.1169
-45.0662, 0.1165
-44.7515, 0.1161
-44.4367, 0.1157
-44.1219, 0.1153
-43.8071, 0.115
-43.4923, 0.1146
-43.1775, 0.1142
-42.8627, 0.1138
-42.5479, 0.1134
-42.2331, 0.113
-41.9184, 0.1126
-41.6036, 0.1123
-41.2888, 0.1118
-40.974, 0.1115
-40.6592, 0.1111
-40.3444, 0.1107
-40.0296, 0.1103
-39.7147, 0.1099
-39.4, 0.1096
-39.0853, 0.1092
-38.7705, 0.1088
-38.4557, 0.1084
-38.1388, 0.2306
-37.8239, 0.2302
-37.5093, 0.2298
-37.1945, 0.2294
-36.8797, 0.229
-36.5649, 0.2286
-36.2501, 0.2282
-35.9353, 0.2279
-35.6205, 0.2275
-35.3057, 0.2271
-34.9909, 0.2267
-34.6762, 0.2263
-34.3614, 0.2259
-34.0466, 0.2255
-33.7318, 0.2252
-33.417, 0.2248
-33.1022, 0.2244
-32.7873, 0.224
-32.4726, 0.2236
-32.1578, 0.2232
-31.8431, 0.2227
-31.5283, 0.2225
-31.2135, 0.2221
-30.8965, 0.3442
-30.5817, 0.3439
-30.2671, 0.3435
-29.9523, 0.3431
-29.6375, 0.3427
-29.3227, 0.3423
-29.0079, 0.3418
-28.6931, 0.3415
-28.3783, 0.3411
-28.0635, 0.3408
-27.7487, 0.3404
-27.434, 0.34
-27.1192, 0.3396
-26.8044, 0.3392
-26.4896, 0.3388
-26.1748, 0.3384
-25.8599, 0.3381
-25.5452, 0.3377
-25.2304, 0.3373
-24.9156, 0.3369
-24.6009, 0.3365
-24.284, 0.4586
-23.9691, 0.4583
-23.6543, 0.4579
-23.3396, 0.4575
-23.0249, 0.4571
-22.7101, 0.4567
-22.3953, 0.4564
-22.0805, 0.456
-21.7657, 0.4556
-21.4509, 0.4552
-21.136, 0.4548
-20.8213, 0.4544
-20.5065, 0.4541
-20.1918, 0.4537
-19.877, 0.4533
-19.5622, 0.4529
-19.2453, 0.5751
-18.9304, 0.5747
-18.6158, 0.5743
-18.301, 0.5739
-17.9862, 0.5735
-17.6714, 0.5731
-17.3566, 0.5727
-17.0418, 0.5724
-16.7269, 0.572
-16.4122, 0.5716
-16.0974, 0.5712
-15.7827, 0.5708
-15.4679, 0.5704
-15.1531, 0.5699
-14.8383, 0.5697
-14.5234, 0.5693
-14.2086, 0.5689
-13.8939, 0.5685
-13.5791, 0.5681
-13.2643, 0.5676
-12.9496, 0.5673
-12.6348, 0.567
-12.32, 0.5666
-12.0052, 0.5662
-11.6904, 0.5657
-11.3735, 0.688
-11.0588, 0.6876
-10.744, 0.6872
-10.4292, 0.6867
-10.1144, 0.6864
-9.7995, 0.686
-9.4848, 0.6856
-9.17, 0.6853
-8.8552, 0.6848
-8.5404, 0.6844
-8.2257, 0.6841
-7.9109, 0.6837
-7.596, 0.6833
-7.2812, 0.6829
-6.9665, 0.6825
-6.6517, 0.6822
-6.3369, 0.6818
-6.0221, 0.6814
-5.7073, 0.681
-5.3926, 0.6806
-5.0757, 0.8028
-4.7609, 0.8024
-4.4461, 0.802
-4.1313, 0.8016
-3.8166, 0.8012
-3.5018, 0.8009
-3.187, 0.8005
-2.8721, 0.8001
-2.5574, 0.7997
-2.2426, 0.7993
-1.9278, 0.7989
-1.613, 0.7985
-1.2982, 0.7982
-0.9835, 0.7978
-0.6686, 0.7974
-0.3538, 0.797
-0.0391, 0.7966
0.2778, 0.9188
0.5925, 0.9184
0.9073, 0.918
1.2221, 0.9176
1.5369, 0.9172
1.8517, 0.9167
2.1665, 0.9165
2.4813, 0.9161
2.7961, 0.9157
3.1109, 0.9153
3.4256, 0.9149
3.7404, 0.9144
4.0552, 0.9141
4.37, 0.9138
4.6869, 1.0359
5.0016, 1.0355
5.3164, 1.0352
5.6312, 1.0348
5.946, 1.0344
6.2608, 1.034
6.5756, 1.0336
6.8904, 1.0332
7.2052, 1.0328
7.52, 1.0325
7.8368, 1.1546
8.1516, 1.1542
8.4664, 1.1538
8.7812, 1.1535
9.096, 1.1531
9.4107, 1.1527
9.7255, 1.1522
10.0403, 1.1519
10.3551, 1.1515
10.672, 1.2737
10.9868, 1.2732
11.3014, 1.2729
11.6162, 1.2725
11.9311, 1.2721
12.2459, 1.2718
12.5607, 1.2713
12.8755, 1.271
13.1903, 1.2706
13.5051, 1.2702
13.8218, 1.3924
14.1367, 1.392
14.4515, 1.3916
14.7663, 1.3912
15.0811, 1.3908
15.3959, 1.3904
15.7106, 1.3901
16.0275, 1.5122
16.3423, 1.5118
16.6571, 1.5114
16.9719, 1.511
17.2866, 1.5107
17.6014, 1.5103
17.9183, 1.6324
18.2331, 1.632
18.5479, 1.6317
18.8626, 1.6313
19.1774, 1.6309
19.4922, 1.6305
19.8091, 1.7527
20.1239, 1.7523
20.4386, 1.7519
20.7534, 1.7515
21.0682, 1.7511
21.3851, 1.8733
21.6999, 1.8729
22.0146, 1.8725
22.3294, 1.8721
22.6442, 1.8718
22.9611, 1.9939
23.2759, 1.9935
23.5907, 1.9931
23.9054, 1.9928
24.2202, 1.9924
24.535, 1.992
24.8498, 1.9916
25.1667, 2.1138
25.4814, 2.1134
25.7962, 2.113
26.111, 2.1126
26.4258, 2.1122
26.7406, 2.1118
27.0554, 2.1115
27.3721, 2.2336
27.687, 2.2332
28.0018, 2.2328
28.3166, 2.2325
28.6334, 2.3546
28.9482, 2.3542
29.263, 2.3538
29.5777, 2.3535
29.8947, 2.4756
30.2094, 2.4752
30.5242, 2.4748
30.839, 2.4745
31.1538, 2.4741
31.4707, 2.5962
31.7854, 2.5958
32.1023, 2.718
32.4171, 2.7176
32.7319, 2.7172
33.0467, 2.7168
33.3635, 2.839
33.6783, 2.8386
33.995, 2.9607
34.3099, 2.9604
34.6247, 2.96
34.9416, 3.0822
35.2564, 3.0818
35.5711, 3.0814
35.888, 3.2036
36.2028, 3.2032
36.5196, 3.3253
36.8344, 3.325
37.1513, 3.4471
37.4661, 3.4466
37.7829, 3.5689
38.0977, 3.5685
38.4144, 3.6907
38.7292, 3.6903
39.0462, 3.8124
39.363, 3.9346
39.6778, 3.9342
39.9947, 4.0564
40.3115, 4.1785
40.6263, 4.1782
40.9431, 4.3003
41.26, 4.4224
41.5768, 4.5446
41.8937, 4.6667
42.2085, 4.6663
42.5253, 4.7886
42.8401, 4.7882
43.1569, 4.9102
43.4738, 5.0325
43.7906, 5.1547
44.1075, 5.2768
44.4243, 5.399
44.7391, 5.3986
44.7412, 5.5211
45.056, 5.5208
45.3728, 5.6429
45.6897, 5.7651
46.0044, 5.7647
46.0065, 5.8872
46.3213, 5.8869
46.6381, 6.009
46.955, 6.1312
47.2718, 6.2533
47.5866, 6.253
47.5887, 6.3755
47.9035, 6.3751
48.2203, 6.4973
48.5372, 6.6194
48.854, 6.7416
49.1709, 6.8638
49.4877, 6.9859
49.8045, 7.1081
50.1214, 7.2302
50.4382, 7.3524
50.7551, 7.4746
51.0699, 7.4742
51.0719, 7.5967
51.3888, 7.7189
51.7056, 7.841
52.0225, 7.9632
52.3393, 8.0854
52.6562, 8.2075
52.9729, 8.3296
53.2899, 8.4519
53.6067, 8.5739
53.6088, 8.6966
53.9235, 8.6962
53.9256, 8.8187
54.2424, 8.9409
54.5593, 9.063
54.5614, 9.1856
54.8782, 9.3077
55.195, 9.4299
55.1971, 9.5525
55.5139, 9.6745
55.8308, 9.7968
55.8329, 9.9193
56.1497, 10.0415
56.4665, 10.1636
56.4686, 10.2862
56.7854, 10.4083
57.1023, 10.5305
57.1044, 10.6531
57.4212, 10.7752
57.738, 10.8974
57.7401, 11.0199
58.057, 11.1421
58.059, 11.2646
58.3759, 11.3868
58.6926, 11.509
58.6947, 11.6315
59.0116, 11.7537
59.3285, 11.8758
59.3305, 11.9984
59.6474, 12.1205
59.6494, 12.2431
59.9663, 12.3652
60.2831, 12.4874
60.2852, 12.6099
60.6019, 12.7321
60.9189, 12.8542
60.9209, 12.9768
61.2378, 13.099
61.2398, 13.2215
61.5567, 13.3437
61.8735, 13.4658
61.8756, 13.5884
62.1924, 13.7105
62.1945, 13.8331
62.5112, 13.9553
62.8282, 14.0774
62.8302, 14.2
63.1471, 14.3221
63.1491, 14.4447
63.466, 14.5668
63.468, 14.6894
63.7849, 14.8115
64.1017, 14.9337
64.1038, 15.0562
64.4205, 15.1784
64.4227, 15.301
64.7395, 15.4231
65.0564, 15.5453
65.0584, 15.6678
65.3753, 15.79
65.3773, 15.9125
65.6942, 16.0347
65.6962, 16.1572
66.0131, 16.2793
66.0151, 16.4019
66.332, 16.5241
66.6488, 16.6463
66.6509, 16.7688
66.9677, 16.891
66.9698, 17.0135
67.2866, 17.1357
67.2887, 17.2582
67.6055, 17.3804
67.6076, 17.5029
67.9245, 17.6251
67.9264, 17.7476
68.2434, 17.8698
68.2454, 17.9923
68.5623, 18.1145
68.5643, 18.2371
68.8812, 18.3592
68.8832, 18.4818
69.2001, 18.6038
69.2021, 18.7265
69.2042, 18.849
69.521, 18.9712
69.5231, 19.0937
69.5251, 19.2163
69.842, 19.3384
69.8439, 19.461
70.1609, 19.5831
70.1629, 19.7057
70.165, 19.8282
70.4819, 19.9504
70.4839, 20.0729
70.486, 20.1955
70.488, 20.318
70.8049, 20.4402
70.8069, 20.5627
70.809, 20.6853
71.1258, 20.8074
71.1279, 20.93
71.1299, 21.0525
71.132, 21.1751
71.4489, 21.2972
71.4509, 21.4198
71.453, 21.5423
71.455, 21.6649
71.4571, 21.7873
71.7739, 21.9096
71.776, 22.0321
71.778, 22.1547
71.7801, 22.2772
72.0969, 22.3994
72.099, 22.5219
72.1011, 22.6444
72.1031, 22.767
72.42, 22.8892
72.422, 23.0117
72.4241, 23.1343
72.4261, 23.2568
72.7429, 23.379
72.745, 23.5015
72.7471, 23.624
72.7492, 23.7466
73.066, 23.8688
73.0681, 23.9912
73.0701, 24.1139
73.0722, 24.2364
73.389, 24.3586
73.3911, 24.4811
73.3931, 24.6037
73.3952, 24.7262
73.712, 24.8484
73.7141, 24.9708
73.7162, 25.0935
73.7182, 25.216
74.0351, 25.3382
74.0371, 25.4607
74.0392, 25.5833
74.0412, 25.7058
74.0433, 25.8284
74.3601, 25.9505
74.3622, 26.0731
74.3642, 26.1956
74.3663, 26.3182
74.6832, 26.4403
74.6852, 26.5629
74.6873, 26.6854
74.6893, 26.808
75.0062, 26.9301
75.0082, 27.0527
75.0103, 27.1752
75.0123, 27.2978
75.3292, 27.4199
75.3312, 27.5425
75.3333, 27.665
75.3354, 27.7875
75.6522, 27.9097
75.6543, 28.0323
75.6562, 28.1548
75.6583, 28.2774
75.6604, 28.3999
75.9773, 28.5221
75.9792, 28.6446
75.9814, 28.7671
75.9835, 28.8897
76.3003, 29.0119
76.3024, 29.1344
76.3044, 29.257
76.3065, 29.3795
76.6233, 29.5017
76.6254, 29.6242
76.6274, 29.7468
76.6295, 29.8693
76.6316, 29.9919
76.9484, 30.114
76.9505, 30.2366
76.9525, 30.3591
76.9546, 30.4817
77.2713, 30.6038
77.2735, 30.7264
77.2755, 30.8489
77.2776, 30.9715
77.5944, 31.0936
77.5965, 31.2162
77.5986, 31.3387
77.6006, 31.4613
77.6027, 31.5838
77.9195, 31.706
77.9216, 31.8285
77.9236, 31.951
77.9257, 32.0735
78.2425, 32.1958
78.2446, 32.3183
78.2466, 32.4409
78.2487, 32.5634
78.5655, 32.6856
78.5676, 32.8081
78.5697, 32.9306
78.5716, 33.0532
78.5737, 33.1758
78.8906, 33.2979
78.8927, 33.4205
78.8947, 33.543
78.8968, 33.6656
79.2136, 33.7877
79.2157, 33.9102
79.2178, 34.0328
79.2198, 34.1554
79.2219, 34.2779
79.5387, 34.4001
79.5408, 34.5226
79.5428, 34.6452
79.5449, 34.7677
79.8617, 34.8899
79.8638, 35.0124
79.8659, 35.135
79.8679, 35.2575
79.87, 35.3801
80.1868, 35.5022
80.1889, 35.6248
80.1909, 35.7473
80.193, 35.8699
80.5098, 35.992
80.5119, 36.1146
80.5139, 36.2371
80.8308, 36.3593
80.8329, 36.4818
80.8349, 36.6044
80.837, 36.7269
81.1538, 36.8491
81.1559, 36.9716
