0  -1.6547
0.000444444  -1.6547
0.000888889  -1.6547
0.00133333  -1.6547
0.00177778  -1.6547
0.00222222  -1.6547
0.00266667  -1.6547
0.00311111  -1.6547
0.00355556  -1.6092
0.004  -1.6092
0.00444444  -1.5636
0.00488889  -1.5636
0.00533333  -1.5636
0.00577778  -1.5636
0.00622222  -1.5636
0.00666667  -1.5636
0.00711111  -1.5636
0.00755556  -1.5636
0.008  -1.5182
0.00844444  -1.5182
0.00888889  -1.5182
0.00933333  -1.5182
0.00977778  -1.5182
0.0102222  -1.5182
0.0106667  -1.5182
0.0111111  -1.5182
0.0115556  -1.5182
0.012  -1.5182
0.0124444  -1.4727
0.0128889  -1.4727
0.0133333  -1.4727
0.0137778  -1.4727
0.0142222  -1.4727
0.0146667  -1.4727
0.0151111  -1.4727
0.0155556  -1.4272
0.016  -1.4272
0.0164444  -1.4272
0.0168889  -1.4272
0.0173333  -1.3817
0.0177778  -1.3817
0.0182222  -1.3817
0.0186667  -1.3817
0.0191111  -1.3817
0.0195556  -1.3817
0.02  -1.3817
0.0204444  -1.3817
0.0208889  -1.3362
0.0213333  -1.3362
0.0217778  -1.3362
0.0222222  -1.3362
0.0226667  -1.3362
0.0231111  -1.3362
0.0235556  -1.3362
0.024  -1.3362
0.0244444  -1.3362
0.0248889  -1.2906
0.0253333  -1.2906
0.0257778  -1.2906
0.0262222  -1.2906
0.0266667  -1.2906
0.0271111  -1.2906
0.0275556  -1.2906
0.028  -1.2906
0.0284444  -1.2451
0.0288889  -1.2451
0.0293333  -1.2451
0.0297778  -1.2451
0.0302222  -1.1996
0.0306667  -1.1996
0.0311111  -1.1996
0.0315556  -1.1996
0.032  -1.1996
0.0324444  -1.1996
0.0328889  -1.1996
0.0333333  -1.1996
0.0337778  -1.1996
0.0342222  -1.1541
0.0346667  -1.1541
0.0351111  -1.1086
0.0355556  -1.1086
0.036  -1.1086
0.0364444  -1.1086
0.0368889  -1.1086
0.0373333  -1.1086
0.0377778  -1.1086
0.0382222  -1.1086
0.0386667  -1.1086
0.0391111  -1.1086
0.0395556  -1.0631
0.04  -1.0631
0.0404444  -1.0631
0.0408889  -1.0631
0.0413333  -1.0631
0.0417778  -1.0176
0.0422222  -1.0176
0.0426667  -1.0176
0.0431111  -1.0176
0.0435556  -0.972
0.044  -0.972
0.0444444  -0.972
0.0448889  -0.972
0.0453333  -0.972
0.0457778  -0.972
0.0462222  -0.972
0.0466667  -0.9264
0.0471111  -0.9264
0.0475556  -0.9264
0.048  -0.9264
0.0484444  -0.881
0.0488889  -0.881
0.0493333  -0.881
0.0497778  -0.881
0.0502222  -0.881
0.0506667  -0.881
0.0511111  -0.881
0.0515556  -0.881
0.052  -0.881
0.0524444  -0.8355
0.0528889  -0.8355
0.0533333  -0.8355
0.0537778  -0.8355
0.0542222  -0.8355
0.0546667  -0.8355
0.0551111  -0.8355
0.0555556  -0.8355
0.056  -0.79
0.0564444  -0.79
0.0568889  -0.79
0.0573333  -0.79
0.0577778  -0.79
0.0582222  -0.79
0.0586667  -0.79
0.0591111  -0.79
0.0595556  -0.79
0.06  -0.7445
0.0604444  -0.7445
0.0608889  -0.7445
0.0613333  -0.7445
0.0617778  -0.7445
0.0622222  -0.7445
0.0626667  -0.7445
0.0631111  -0.7445
0.0635556  -0.6989
0.064  -0.6989
0.0644444  -0.6989
0.0648889  -0.6989
0.0653333  -0.6989
0.0657778  -0.6989
0.0662222  -0.6989
0.0666667  -0.6989
0.0671111  -0.6989
0.0675556  -0.6534
0.068  -0.6534
0.0684444  -0.6534
0.0688889  -0.6534
0.0693333  -0.6078
0.0697778  -0.6078
0.0702222  -0.6078
0.0706667  -0.6078
0.0711111  -0.6078
0.0715556  -0.6078
0.072  -0.6078
0.0724444  -0.6078
0.0728889  -0.5624
0.0733333  -0.5624
0.0737778  -0.5624
0.0742222  -0.5624
0.0746667  -0.5624
0.0751111  -0.5624
0.0755556  -0.5624
0.076  -0.5624
0.0764444  -0.5624
0.0768889  -0.5624
0.0773333  -0.5624
0.0777778  -0.5624
0.0782222  -0.5169
0.0786667  -0.5169
0.0791111  -0.5169
0.0795556  -0.5169
0.08  -0.5169
0.0804444  -0.5169
0.0808889  -0.5169
0.0813333  -0.4714
0.0817778  -0.4714
0.0822222  -0.4259
0.0826667  -0.4259
0.0831111  -0.4259
0.0835556  -0.4259
0.084  -0.4259
0.0844444  -0.4259
0.0848889  -0.4259
0.0853333  -0.3804
0.0857778  -0.3804
0.0862222  -0.3804
0.0866667  -0.3804
0.0871111  -0.3349
0.0875556  -0.3349
0.088  -0.3349
0.0884444  -0.3349
0.0888889  -0.3349
0.0893333  -0.3349
0.0897778  -0.3349
0.0902222  -0.3349
0.0906667  -0.3349
0.0911111  -0.3349
0.0915556  -0.3349
0.092  -0.3349
0.0924444  -0.3349
0.0928889  -0.3349
0.0933333  -0.2893
0.0937778  -0.2893
0.0942222  -0.2893
0.0946667  -0.2893
0.0951111  -0.2438
0.0955556  -0.2438
0.096  -0.2438
0.0964444  -0.2438
0.0968889  -0.2438
0.0973333  -0.2438
0.0977778  -0.2438
0.0982222  -0.2438
0.0986667  -0.2438
0.0991111  -0.1983
0.0995556  -0.1983
0.1  -0.1528
0.100444  -0.1528
0.100889  -0.1528
0.101333  -0.1528
0.101778  -0.1528
0.102222  -0.1528
0.102667  -0.1528
0.103111  -0.1528
0.103556  -0.1073
0.104  -0.1073
0.104444  -0.1073
0.104889  -0.1073
0.105333  -0.1073
0.105778  -0.0618
0.106222  -0.0618
0.106667  -0.0618
0.107111  -0.0618
0.107556  -0.0163
0.108  -0.0163
0.108444  -0.0163
0.108889  -0.0163
0.109333  0.0293
0.109778  0.0293
0.110222  0.0293
0.110667  0.0293
0.111111  0.0748
0.111556  0.0748
0.112  0.0748
0.112444  0.0748
0.112889  0.1203
0.113333  0.1203
0.113778  0.1658
0.114222  0.1658
0.114667  0.2113
0.115111  0.2568
0.115556  0.2568
0.116  0.3023
0.116444  0.3479
0.116889  0.3934
0.117333  0.4389
0.117778  0.4844
0.118222  0.5299
0.118667  0.5754
0.119111  0.5754
0.119556  0.6209
0.12  0.6663
0.120444  0.712
0.120889  0.7574
0.121333  0.803
0.121778  0.8485
0.122222  0.894
0.122667  0.9395
0.123111  0.9849
0.123556  1.0306
0.124  1.0761
0.124444  1.1216
0.124889  1.1671
0.125333  1.2126
0.125778  1.2581
0.126222  1.3035
0.126667  1.3492
0.127111  1.3947
0.127556  1.4402
0.128  1.4857
0.128444  1.5312
0.128889  1.5767
0.129333  1.6221
0.129778  1.6678
0.130222  1.7133
0.130667  1.7588
0.131111  1.8043
0.131556  1.8498
0.132  1.8953
0.132444  1.9407
0.132889  1.9863
0.133333  2.0319
0.133778  2.0774
0.134222  2.1229
0.134667  2.1684
0.135111  2.2139
0.135556  2.2594
0.136  2.2594
0.136444  2.3049
0.136889  2.3505
0.137333  2.396
0.137778  2.4415
0.138222  2.487
0.138667  2.5325
0.139111  2.5779
0.139556  2.6235
0.14  2.6691
0.140444  2.7146
0.140889  2.7601
0.141333  2.8056
0.141778  2.8511
0.142222  2.8965
0.142667  2.9421
0.143111  2.9876
0.143556  3.0332
0.144  3.0787
0.144444  3.1242
0.144889  3.1697
0.145333  3.2152
0.145778  3.2607
0.146222  3.3062
0.146667  3.3518
0.147111  3.3973
0.147556  3.4428
0.148  3.4883
0.148444  3.5338
0.148889  3.5793
0.149333  3.6248
0.149778  3.6703
0.150222  3.7159
0.150667  3.7614
0.151111  3.8069
0.151556  3.8524
0.152  3.8979
0.152444  3.9434
0.152889  3.9889
0.153333  4.0345
0.153778  4.08
0.154222  4.1255
0.154667  4.171
0.155111  4.2165
0.155556  4.262
0.156  4.3075
0.156444  4.3531
0.156889  4.3986
0.157333  4.4441
0.157778  4.4441
0.158222  4.4896
0.158667  4.5351
0.159111  4.5806
0.159556  4.6261
0.16  4.6717
0.160444  4.7172
0.160889  4.7627
0.161333  4.8082
0.161778  4.8082
0.162222  4.8537
0.162667  4.8992
0.163111  4.9447
0.163556  4.9902
0.164  5.0358
0.164444  5.0813
0.164889  5.1268
0.165333  5.1723
0.165778  5.2178
0.166222  5.2633
0.166667  5.3088
0.167111  5.3544
0.167556  5.3999
0.168  5.4454
0.168444  5.4454
0.168889  5.4909
0.169333  5.5364
0.169778  5.5819
0.170222  5.6274
0.170667  5.673
0.171111  5.7185
0.171556  5.764
0.172  5.8094
0.172444  5.855
0.172889  5.9005
0.173333  5.946
0.173778  5.9915
0.174222  6.0371
0.174667  6.0826
0.175111  6.128
0.175556  6.1736
0.176  6.2191
0.176444  6.2646
0.176889  6.3101
0.177333  6.3557
0.177778  6.4012
0.178222  6.4466
0.178667  6.4922
0.179111  6.5377
0.179556  6.5832
0.18  6.6287
0.180444  6.6743
0.180889  6.7198
0.181333  6.7652
0.181778  6.8108
0.182222  6.8563
0.182667  6.9018
0.183111  6.9473
0.183556  6.9928
0.184  7.0384
0.184444  7.0839
0.184889  7.1294
0.185333  7.1749
0.185778  7.2204
0.186222  7.2659
0.186667  7.3114
0.187111  7.357
0.187556  7.4025
0.188  7.448
0.188444  7.4935
0.188889  7.539
0.189333  7.5845
0.189778  7.63
0.190222  7.6756
0.190667  7.721
0.191111  7.7666
0.191556  7.7666
0.192  7.7666
0.192444  7.8121
0.192889  7.8121
0.193333  7.8576
0.193778  7.9031
0.194222  7.9485
0.194667  7.9941
0.195111  8.0397
0.195556  8.0852
0.196  8.1307
0.196444  8.1307
0.196889  8.1762
0.197333  8.1762
0.197778  8.2217
0.198222  8.2217
0.198667  8.2671
0.199111  8.2671
0.199556  8.2671
0.2  8.3127
0.200444  8.3583
0.200889  8.4038
0.201333  8.4493
0.201778  8.4948
0.202222  8.4948
0.202667  8.5403
0.203111  8.5857
0.203556  8.6313
0.204  8.6768
0.204444  8.7224
0.204889  8.7224
0.205333  8.7679
0.205778  8.7679
0.206222  8.8134
0.206667  8.8134
0.207111  8.8589
0.207556  8.9043
0.208  8.9499
0.208444  8.9954
0.208889  9.041
0.209333  9.0865
0.209778  9.132
0.210222  9.132
0.210667  9.132
0.211111  9.1775
0.211556  9.223
0.212  9.223
0.212444  9.2685
0.212889  9.314
0.213333  9.3596
0.213778  9.4051
0.214222  9.4051
0.214667  9.4506
0.215111  9.4506
0.215556  9.4961
0.216  9.4961
0.216444  9.5415
0.216889  9.5871
0.217333  9.6326
0.217778  9.6326
0.218222  9.6326
0.218667  9.6782
0.219111  9.7237
0.219556  9.7692
0.22  9.8147
0.220444  9.8147
0.220889  9.8601
0.221333  9.9057
0.221778  9.9512
0.222222  9.9512
0.222667  9.9967
0.223111  10.0423
0.223556  10.0423
0.224  10.0878
0.224444  10.0878
0.224889  10.1333
0.225333  10.1333
0.225778  10.1788
0.226222  10.2243
0.226667  10.2698
0.227111  10.2698
0.227556  10.3153
0.228  10.3609
0.228444  10.3609
0.228889  10.3609
0.229333  10.4064
0.229778  10.4519
0.230222  10.4974
0.230667  10.5429
0.231111  10.5884
0.231556  10.5884
0.232  10.6339
0.232444  10.6795
0.232889  10.725
0.233333  10.725
0.233778  10.7705
0.234222  10.8159
0.234667  10.8615
0.235111  10.907
0.235556  10.907
0.236  10.9525
0.236444  10.998
0.236889  11.0436
0.237333  11.0891
0.237778  11.1346
0.238222  11.1346
0.238667  11.1801
0.239111  11.1801
0.239556  11.2256
0.24  11.2256
0.240444  11.2711
0.240889  11.2711
0.241333  11.3166
0.241778  11.3166
0.242222  11.3622
0.242667  11.4077
0.243111  11.4532
0.243556  11.4987
0.244  11.5442
0.244444  11.5897
0.244889  11.6352
0.245333  11.6808
0.245778  11.6808
0.246222  11.7263
0.246667  11.7718
0.247111  11.7718
0.247556  11.7718
0.248  11.8173
0.248444  11.8173
0.248889  11.8628
0.249333  11.8628
0.249778  11.9083
0.250222  11.9083
0.250667  11.9538
0.251111  11.9538
0.251556  11.9992
0.252  12.0449
0.252444  12.0904
0.252889  12.1359
0.253333  12.1814
0.253778  12.2269
0.254222  12.2724
0.254667  12.3179
0.255111  12.3635
0.255556  12.3635
0.256  12.409
0.256444  12.4545
0.256889  12.4545
0.257333  12.5
0.257778  12.5
0.258222  12.5455
0.258667  12.5455
0.259111  12.591
0.259556  12.591
0.26  12.6364
0.260444  12.6821
0.260889  12.7276
0.261333  12.7731
0.261778  12.8186
0.262222  12.8641
0.262667  12.9096
0.263111  12.955
0.263556  13.0007
0.264  13.0462
0.264444  13.0917
0.264889  13.1372
0.265333  13.1827
0.265778  13.2282
0.266222  13.2737
0.266667  13.3192
0.267111  13.3648
0.267556  13.4102
0.268  13.4558
0.268444  13.5013
0.268889  13.5468
0.269333  13.5923
0.269778  13.6378
0.270222  13.6834
0.270667  13.7288
0.271111  13.7744
0.271556  13.8199
0.272  13.8654
0.272444  13.9109
0.272889  13.9109
0.273333  13.9564
0.273778  14.002
0.274222  14.0475
0.274667  14.093
0.275111  14.1385
0.275556  14.184
0.276  14.2295
0.276444  14.275
0.276889  14.3205
0.277333  14.366
0.277778  14.4116
0.278222  14.4571
0.278667  14.5026
0.279111  14.5481
0.279556  14.5936
0.28  14.6391
0.280444  14.6846
0.280889  14.6846
0.281333  14.7302
0.281778  14.7757
0.282222  14.8212
0.282667  14.8667
0.283111  14.9122
0.283556  14.9577
0.284  15.0033
0.284444  15.0488
0.284889  15.0943
0.285333  15.1398
0.285778  15.1853
0.286222  15.2308
0.286667  15.2763
0.287111  15.3218
0.287556  15.3674
0.288  15.4129
0.288444  15.4584
0.288889  15.5039
0.289333  15.5493
0.289778  15.5949
0.290222  15.6404
0.290667  15.686
0.291111  15.7315
0.291556  15.777
0.292  15.8225
0.292444  15.8679
0.292889  15.9135
0.293333  15.959
0.293778  16.0046
0.294222  16.0501
0.294667  16.0956
0.295111  16.1411
0.295556  16.1865
0.296  16.2321
0.296444  16.2776
0.296889  16.3231
0.297333  16.3687
0.297778  16.4142
0.298222  16.4597
0.298667  16.5051
0.299111  16.5507
0.299556  16.5962
0.3  16.6417
0.300444  16.6873
0.300889  16.7328
0.301333  16.7783
0.301778  16.8237
0.302222  16.8693
0.302667  16.9148
0.303111  16.9603
0.303556  17.0059
0.304  17.0514
0.304444  17.0969
0.304889  17.1424
0.305333  17.1879
0.305778  17.2334
0.306222  17.2789
0.306667  17.3244
0.307111  17.37
0.307556  17.4155
0.308  17.461
0.308444  17.5065
0.308889  17.552
0.309333  17.5975
0.309778  17.643
0.310222  17.6886
0.310667  17.7341
0.311111  17.7795
0.311556  17.8251
0.312  17.8706
0.312444  17.9161
0.312889  17.9616
0.313333  18.0072
0.313778  18.0527
0.314222  18.0982
0.314667  18.1437
0.315111  18.1892
0.315556  18.2347
0.316  18.2802
0.316444  18.3256
0.316889  18.3713
0.317333  18.4168
0.317778  18.4623
0.318222  18.5078
0.318667  18.5533
0.319111  18.5988
0.319556  18.6442
0.32  18.6899
0.320444  18.7354
0.320889  18.7809
0.321333  18.8264
0.321778  18.8719
0.322222  18.9174
0.322667  18.9628
0.323111  19.0085
0.323556  19.054
0.324  19.0995
0.324444  19.145
0.324889  19.1905
0.325333  19.236
0.325778  19.2814
0.326222  19.2814
0.326667  19.327
0.327111  19.3726
0.327556  19.4181
0.328  19.4636
0.328444  19.5091
0.328889  19.5546
0.329333  19.6
0.329778  19.6456
0.330222  19.6912
0.330667  19.7367
0.331111  19.7822
0.331556  19.8277
0.332  19.8732
0.332444  19.9186
0.332889  19.9642
0.333333  20.0098
0.333778  20.0553
0.334222  20.1008
0.334667  20.1463
0.335111  20.1918
0.335556  20.2373
0.336  20.2828
0.336444  20.3283
0.336889  20.3739
0.337333  20.4194
0.337778  20.4649
0.338222  20.5104
0.338667  20.5558
0.339111  20.6014
0.339556  20.6469
0.34  20.6925
0.340444  20.738
0.340889  20.7835
0.341333  20.829
0.341778  20.8745
0.342222  20.92
0.342667  20.9655
0.343111  21.0111
0.343556  21.0566
0.344  21.1021
0.344444  21.1476
0.344889  21.1931
0.345333  21.2386
0.345778  21.2841
0.346222  21.3296
0.346667  21.3752
0.347111  21.4207
0.347556  21.4662
0.348  21.5117
0.348444  21.5572
0.348889  21.6027
0.349333  21.6482
0.349778  21.6938
0.350222  21.7393
0.350667  21.7848
0.351111  21.8303
0.351556  21.8758
0.352  21.9213
0.352444  21.9668
0.352889  22.0124
0.353333  22.0579
0.353778  22.1034
0.354222  22.1489
0.354667  22.1944
0.355111  22.2399
0.355556  22.2854
0.356  22.3309
0.356444  22.3765
0.356889  22.422
0.357333  22.4675
0.357778  22.513
0.358222  22.5585
0.358667  22.604
0.359111  22.604
0.359556  22.6495
0.36  22.6951
0.360444  22.7406
0.360889  22.7861
0.361333  22.8316
0.361778  22.8771
0.362222  22.9226
0.362667  22.9681
0.363111  23.0137
0.363556  23.0592
0.364  23.1047
0.364444  23.1502
0.364889  23.1957
0.365333  23.2412
0.365778  23.2867
0.366222  23.3322
0.366667  23.3778
0.367111  23.4233
0.367556  23.4687
0.368  23.5143
0.368444  23.5598
0.368889  23.6053
0.369333  23.6508
0.369778  23.6964
0.370222  23.7419
0.370667  23.7873
0.371111  23.8329
0.371556  23.8784
0.372  23.9239
0.372444  23.9694
0.372889  24.015
0.373333  24.0605
0.373778  24.106
0.374222  24.1515
0.374667  24.197
0.375111  24.2425
0.375556  24.288
0.376  24.3336
0.376444  24.3791
0.376889  24.4245
0.377333  24.4701
0.377778  24.5156
0.378222  24.5611
0.378667  24.6066
0.379111  24.6521
0.379556  24.6977
0.38  24.7431
0.380444  24.7887
0.380889  24.8342
0.381333  24.8797
0.381778  24.9252
0.382222  24.9707
0.382667  25.0163
0.383111  25.0618
0.383556  25.1073
0.384  25.1528
0.384444  25.1983
0.384889  25.2438
0.385333  25.2893
0.385778  25.3349
0.386222  25.3804
0.386667  25.4259
0.387111  25.4714
0.387556  25.5169
0.388  25.5624
0.388444  25.6078
0.388889  25.6534
0.389333  25.6989
0.389778  25.7445
0.390222  25.79
0.390667  25.8355
0.391111  25.881
0.391556  25.9264
0.392  25.972
0.392444  26.0176
0.392889  26.0631
0.393333  26.1086
0.393778  26.1541
0.394222  26.1996
0.394667  26.2451
0.395111  26.2906
0.395556  26.3362
0.396  26.3817
0.396444  26.4272
0.396889  26.4727
0.397333  26.5182
0.397778  26.5636
0.398222  26.6092
0.398667  26.6547
0.399111  26.7003
0.399556  26.7458
0.4  26.7913
