#DataThief /Users/harish/Desktop/Current_Density_without_DTX_vs_Voltage.png Thursday 30-Jun-2011 3:13:57 PM
-129.7527, -0.2699
-129.4379, -0.2703
-129.1231, -0.2707
-128.8083, -0.2711
-128.4935, -0.2715
-128.1788, -0.2718
-127.8639, -0.2722
-127.5492, -0.2726
-127.2344, -0.273
-126.9196, -0.2734
-126.6048, -0.2738
-126.29, -0.2742
-125.9752, -0.2745
-125.6604, -0.2749
-125.3457, -0.2753
-125.0309, -0.2757
-124.7161, -0.2761
-124.4013, -0.2765
-124.0865, -0.2769
-123.7717, -0.2772
-123.4569, -0.2776
-123.1421, -0.278
-122.8273, -0.2784
-122.5126, -0.2788
-122.1978, -0.2792
-121.883, -0.2796
-121.5682, -0.2799
-121.2534, -0.2803
-120.9386, -0.2807
-120.6238, -0.2811
-120.309, -0.2814
-119.9942, -0.2819
-119.6795, -0.2823
-119.3647, -0.2826
-119.0499, -0.283
-118.7351, -0.2833
-118.4203, -0.2838
-118.1055, -0.2842
-117.7907, -0.2846
-117.4759, -0.285
-117.1611, -0.2852
-116.8464, -0.2857
-116.5316, -0.2861
-116.2168, -0.2865
-115.902, -0.2869
-115.5872, -0.2873
-115.2724, -0.2877
-114.9576, -0.288
-114.6428, -0.2884
-114.328, -0.2888
-114.0132, -0.2892
-113.6985, -0.2896
-113.3837, -0.29
-113.0689, -0.2904
-112.7541, -0.2907
-112.4393, -0.2911
-112.1245, -0.2915
-111.8096, -0.2919
-111.4949, -0.2923
-111.1801, -0.2927
-110.8654, -0.2931
-110.5506, -0.2934
-110.2358, -0.2938
-109.921, -0.2942
-109.6061, -0.2946
-109.2913, -0.295
-108.9766, -0.2953
-108.6618, -0.2958
-108.347, -0.2961
-108.0323, -0.2965
-107.7175, -0.2969
-107.4027, -0.2973
-107.0879, -0.2977
-106.7731, -0.2981
-106.4583, -0.2985
-106.1435, -0.2988
-105.8287, -0.2992
-105.5139, -0.2995
-105.1992, -0.3
-104.8843, -0.3004
-104.5695, -0.3008
-104.2548, -0.3012
-103.94, -0.3014
-103.6252, -0.3019
-103.3104, -0.3023
-102.9956, -0.3027
-102.6808, -0.3031
-102.366, -0.3035
-102.0513, -0.3039
-101.7365, -0.3042
-101.4217, -0.3046
-101.1069, -0.305
-100.7921, -0.3054
-100.4773, -0.3058
-100.1625, -0.3062
-99.8477, -0.3066
-99.533, -0.3069
-99.2182, -0.3073
-98.9034, -0.3077
-98.5886, -0.3081
-98.2738, -0.3085
-97.959, -0.3089
-97.6442, -0.3093
-97.3294, -0.3096
-97.0146, -0.31
-96.6999, -0.3104
-96.3851, -0.3108
-96.0703, -0.3112
-95.7555, -0.3115
-95.4407, -0.312
-95.1259, -0.3123
-94.8111, -0.3127
-94.4963, -0.3131
-94.1815, -0.3135
-93.8668, -0.3139
-93.552, -0.3143
-93.2372, -0.3147
-92.9224, -0.315
-92.6076, -0.3154
-92.2928, -0.3158
-91.978, -0.3162
-91.6632, -0.3166
-91.3484, -0.317
-91.0337, -0.3174
-90.7189, -0.3176
-90.4041, -0.3181
-90.0893, -0.3185
-89.7745, -0.3189
-89.4597, -0.3193
-89.1449, -0.3197
-88.83, -0.3201
-88.5152, -0.3204
-88.2006, -0.3208
-87.8858, -0.3212
-87.571, -0.3216
-87.2562, -0.322
-86.9414, -0.3224
-86.6266, -0.3228
-86.3118, -0.3231
-85.9969, -0.3235
-85.6822, -0.3239
-85.3675, -0.3243
-85.0527, -0.3247
-84.7379, -0.3251
-84.4231, -0.3255
-84.1083, -0.3258
-83.7934, -0.3262
-83.4787, -0.3266
-83.1639, -0.327
-82.8491, -0.3274
-82.5344, -0.3277
-82.2175, -0.2056
-81.9026, -0.206
-81.5878, -0.2064
-81.2731, -0.2068
-80.9584, -0.2072
-80.6436, -0.2075
-80.3288, -0.2079
-80.014, -0.2083
-79.6992, -0.2086
-79.3844, -0.2091
-79.0695, -0.2095
-78.7548, -0.2099
-78.44, -0.2102
-78.1253, -0.2106
-77.8105, -0.211
-77.4957, -0.2114
-77.1809, -0.2118
-76.866, -0.2122
-76.5513, -0.2126
-76.2365, -0.2129
-75.9217, -0.2133
-75.6069, -0.2137
-75.2922, -0.2141
-74.9774, -0.2145
-74.6625, -0.2149
-74.3477, -0.2153
-74.033, -0.2156
-73.7182, -0.216
-73.4034, -0.2164
-73.0886, -0.2168
-72.7738, -0.2172
-72.4591, -0.2176
-72.1443, -0.218
-71.8295, -0.2183
-71.5126, -0.0962
-71.1978, -0.0966
-70.8831, -0.097
-70.5683, -0.0973
-70.2535, -0.0977
-69.9386, -0.0981
-69.6239, -0.0985
-69.3091, -0.0989
-68.9943, -0.0993
-68.6795, -0.0997
-68.3647, -0.1
-68.05, -0.1004
-67.7351, -0.1008
-67.4203, -0.1012
-67.1056, -0.1016
-66.7908, -0.102
-66.476, -0.1024
-66.1612, -0.1027
-65.8464, -0.1031
-65.5316, -0.1035
-65.2169, -0.1039
-64.9021, -0.1043
-64.5873, -0.1047
-64.2725, -0.1051
-63.9577, -0.1054
-63.6429, -0.1058
-63.3281, -0.1062
-63.0133, -0.1066
-62.6985, -0.107
-62.3838, -0.1074
-62.069, -0.1078
-61.7542, -0.1081
-61.4394, -0.1085
-61.1225, 0.0136
-60.8077, 0.0132
-60.4929, 0.0129
-60.1782, 0.0125
-59.8634, 0.0121
-59.5486, 0.0117
-59.2338, 0.0113
-58.919, 0.0109
-58.6042, 0.0105
-58.2894, 0.0102
-57.9747, 9.7729e-3
-57.6599, 9.3871e-3
-57.3451, 9.0013e-3
-57.0303, 8.6155e-3
-56.7155, 8.2298e-3
-56.4007, 7.844e-3
-56.0859, 7.4582e-3
-55.7711, 7.0725e-3
-55.4563, 6.6867e-3
-55.1416, 6.3009e-3
-54.8268, 5.9152e-3
-54.512, 5.5294e-3
-54.1972, 5.1436e-3
-53.8824, 4.7578e-3
-53.5676, 4.3721e-3
-53.2528, 3.9863e-3
-52.938, 3.6005e-3
-52.6232, 3.2148e-3
-52.3085, 2.829e-3
-51.9937, 2.4432e-3
-51.6789, 2.0574e-3
-51.3641, 1.6717e-3
-51.0493, 1.2859e-3
-50.7345, 9.0013e-4
-50.4197, 5.1436e-4
-50.1049, 1.2859e-4
-49.7901, -2.5718e-4
-49.4754, -6.4295e-4
-49.1606, -1.0287e-3
-48.8458, -1.4145e-3
-48.531, -1.8003e-3
-48.2162, -2.186e-3
-47.9014, -2.5718e-3
-47.5866, -2.9576e-3
-47.2718, -3.3433e-3
-46.9569, -3.7291e-3
-46.6423, -4.1149e-3
-46.3275, -4.5007e-3
-46.0127, -4.8864e-3
-45.6999, -0.1278
-45.3852, -0.1282
-45.0704, -0.1286
-44.7556, -0.129
-44.4408, -0.1294
-44.126, -0.1297
-43.8112, -0.1301
-43.4964, -0.1305
-43.1816, -0.1309
-42.8668, -0.1313
-42.55, -9.1299e-3
-42.2352, -9.5157e-3
-41.9203, -9.9014e-3
-41.6056, -0.0103
-41.2888, 0.1118
-40.974, 0.1115
-40.6571, 0.2336
-40.3424, 0.2333
-40.0276, 0.2328
-39.7128, 0.2325
-39.3959, 0.3547
-39.0811, 0.3543
-38.7664, 0.3538
-38.4495, 0.476
-38.1347, 0.4757
-37.8199, 0.4753
-37.503, 0.5974
-37.1883, 0.597
-36.8735, 0.5967
-36.5567, 0.7187
-36.2419, 0.7184
-35.9271, 0.718
-35.6101, 0.8401
-35.2953, 0.8397
-34.9786, 0.962
-34.6638, 0.9616
-34.349, 0.9612
-34.0322, 1.0834
-33.7174, 1.083
-33.4026, 1.0826
-33.0858, 1.2048
-32.771, 1.2044
-32.4562, 1.204
-32.1414, 1.2036
-31.8245, 1.3258
-31.5098, 1.3254
-31.1929, 1.4475
-30.878, 1.4472
-30.5633, 1.4468
-30.2485, 1.4464
-29.9317, 1.5685
-29.6169, 1.5682
-29.3021, 1.5678
-28.9853, 1.6899
-28.6705, 1.6895
-28.3557, 1.6892
-28.0388, 1.8113
-27.7241, 1.8109
-27.4093, 1.8106
-27.0924, 1.9327
-26.7776, 1.9323
-26.4628, 1.9319
-26.146, 2.0541
-25.8312, 2.0537
-25.5164, 2.0533
-25.2016, 2.0529
-24.8848, 2.1751
-24.5699, 2.1747
-24.2551, 2.1743
-23.9384, 2.2965
-23.6236, 2.2961
-23.3088, 2.2957
-22.994, 2.2953
-22.6771, 2.4175
-22.3624, 2.4171
-22.0476, 2.4167
-21.7328, 2.4163
-21.4159, 2.5385
-21.1011, 2.5381
-20.7864, 2.5377
-20.4716, 2.5373
-20.1568, 2.537
-19.8399, 2.6591
-19.5251, 2.6587
-19.2104, 2.6583
-18.8956, 2.658
-18.5787, 2.7801
-18.2639, 2.7797
-17.9491, 2.7793
-17.6343, 2.779
-17.3175, 2.9011
-17.0027, 2.9007
-16.6879, 2.9003
-16.3731, 2.9
-16.0563, 3.0221
-15.7415, 3.0217
-15.4267, 3.0214
-15.1118, 3.021
-14.7971, 3.0206
-14.4803, 3.1427
-14.1655, 3.1424
-13.8507, 3.142
-13.5359, 3.1416
-13.2211, 3.1412
-12.9043, 3.2634
-12.5895, 3.263
-12.2747, 3.2626
-11.9599, 3.2622
-11.6451, 3.2618
-11.3283, 3.384
-11.0135, 3.3836
-10.6987, 3.3832
-10.3839, 3.3828
-10.0691, 3.3824
-9.7523, 3.5046
-9.4375, 3.5042
-9.1227, 3.5038
-8.8079, 3.5034
-8.491, 3.6256
-8.1763, 3.6252
-7.8615, 3.6248
-7.5467, 3.6244
-7.2319, 3.624
-6.9151, 3.7462
-6.6002, 3.7458
-6.2854, 3.7454
-5.9707, 3.745
-5.6559, 3.7447
-5.3411, 3.7443
-5.0243, 3.8665
-4.7095, 3.866
-4.3947, 3.8657
-4.0799, 3.8653
-3.7651, 3.8649
-3.4483, 3.987
-3.1335, 3.9867
-2.8187, 3.9863
-2.5039, 3.9859
-2.1891, 3.9855
-1.8742, 3.9851
-1.5575, 4.1073
-1.2427, 4.1069
-0.9279, 4.1065
-0.6131, 4.1061
-0.2983, 4.1058
0.0185, 4.2279
0.3333, 4.2275
0.6481, 4.2271
0.9628, 4.2268
1.2777, 4.2264
1.5945, 4.3485
1.9093, 4.3482
2.2241, 4.3477
2.5389, 4.3474
2.8557, 4.4695
3.1705, 4.4692
3.4853, 4.4687
3.8001, 4.4684
4.1149, 4.468
4.4317, 4.5901
4.7465, 4.5897
5.0613, 4.5894
5.3761, 4.589
5.6909, 4.5886
6.0077, 4.7107
6.3225, 4.7104
6.6373, 4.71
6.9521, 4.7096
7.2669, 4.7092
7.5817, 4.7088
7.8984, 4.831
8.2133, 4.8306
8.5281, 4.8302
8.8429, 4.8298
9.1597, 4.952
9.4745, 4.9516
9.7893, 4.9512
10.1041, 4.9508
10.4189, 4.9505
10.7357, 5.0726
11.0505, 5.0722
11.3653, 5.0719
11.6801, 5.0715
11.9969, 5.1936
12.3117, 5.1932
12.6265, 5.1929
12.9413, 5.1925
13.2561, 5.1921
13.573, 5.3142
13.8877, 5.3139
14.2025, 5.3135
14.5173, 5.3131
14.8321, 5.3127
15.149, 5.4349
15.4637, 5.4344
15.7785, 5.4341
16.0933, 5.4337
16.4081, 5.4333
16.725, 5.5554
17.0397, 5.5551
17.3545, 5.5547
17.6693, 5.5543
17.9841, 5.5539
18.2989, 5.5535
18.6137, 5.5532
18.9304, 5.6753
19.2453, 5.6749
19.5601, 5.6745
19.877, 5.7967
20.1918, 5.7963
20.5065, 5.7959
20.8213, 5.7955
21.136, 5.7952
21.4509, 5.7948
21.7657, 5.7944
22.0805, 5.794
22.3973, 5.9162
22.7121, 5.9158
23.0269, 5.9154
23.3417, 5.915
23.6564, 5.9146
23.9713, 5.9143
24.2861, 5.9139
24.6009, 5.9135
24.9156, 5.9131
25.2304, 5.9127
25.5452, 5.9123
25.8599, 5.9119
26.1748, 5.9116
26.4896, 5.9112
26.8044, 5.9108
27.1212, 6.0329
27.436, 6.0326
27.7508, 6.0322
28.0656, 6.0318
28.3804, 6.0314
28.6952, 6.031
29.012, 6.1532
29.3268, 6.1528
29.6416, 6.1524
29.9564, 6.152
30.2732, 6.2742
30.588, 6.2738
30.9028, 6.2734
31.2197, 6.3956
31.5344, 6.3952
31.8492, 6.3948
32.1661, 6.517
32.4809, 6.5166
32.7976, 6.6387
33.1125, 6.6383
33.4273, 6.638
33.7441, 6.7601
34.0589, 6.7597
34.3758, 6.8819
34.6905, 6.8815
35.0074, 7.0037
35.3222, 7.0033
35.637, 7.0029
35.9538, 7.1251
36.2686, 7.1247
36.5855, 7.2468
36.9003, 7.2464
37.2171, 7.3686
37.5319, 7.3682
37.8487, 7.4904
38.1635, 7.49
38.4783, 7.4896
38.7952, 7.6118
39.1099, 7.6114
39.4268, 7.7335
39.7416, 7.7332
40.0584, 7.8553
40.3732, 7.8549
40.688, 7.8545
41.0049, 7.9767
41.3195, 7.9763
41.6364, 8.0985
41.9513, 8.0981
42.2681, 8.2203
42.5829, 8.2199
42.8998, 8.342
43.2146, 8.3416
43.5293, 8.3413
43.8462, 8.4634
44.161, 8.463
44.4778, 8.5852
44.7926, 8.5848
45.1095, 8.7069
45.4242, 8.7066
45.741, 8.8287
46.0559, 8.8284
46.3727, 8.9505
46.6875, 8.9501
47.0044, 9.0723
47.3212, 9.1945
47.636, 9.1941
47.9527, 9.3162
48.2697, 9.4384
48.5865, 9.5606
48.9013, 9.5602
49.2182, 9.6823
49.535, 9.8045
49.8519, 9.9266
50.1687, 10.0488
50.4835, 10.0484
50.8003, 10.1706
51.1172, 10.2927
51.434, 10.4149
51.7509, 10.5371
52.0677, 10.6592
52.3846, 10.7814
52.7014, 10.9036
53.0162, 10.9032
53.0183, 11.0257
53.3331, 11.0253
53.6499, 11.1475
53.9668, 11.2696
54.2836, 11.3918
54.6004, 11.514
54.9173, 11.636
55.2321, 11.6357
55.2341, 11.7583
55.5489, 11.7579
55.8658, 11.8801
56.1826, 12.0022
56.4974, 12.0018
56.4995, 12.1244
56.8143, 12.124
57.1311, 12.2462
57.4479, 12.3683
57.7648, 12.4905
58.0816, 12.6126
58.3985, 12.7348
58.7153, 12.857
58.7174, 12.9795
59.0342, 13.1017
59.3511, 13.2238
59.6679, 13.346
59.9848, 13.4682
60.3016, 13.5903
60.3037, 13.7128
60.6205, 13.835
60.9374, 13.9572
61.2542, 14.0793
61.2563, 14.2019
61.5731, 14.3241
61.89, 14.4462
62.2068, 14.5684
62.5237, 14.6905
62.5257, 14.8131
62.8426, 14.9352
63.1594, 15.0574
63.4763, 15.1796
63.4783, 15.3021
63.7931, 15.3017
63.7952, 15.4243
64.112, 15.5464
64.4289, 15.6686
64.7457, 15.7908
65.0625, 15.9129
65.0646, 16.0355
65.3794, 16.0351
65.3815, 16.1576
65.6983, 16.2798
66.0151, 16.4019
66.0172, 16.5245
66.334, 16.6465
66.6509, 16.7688
66.653, 16.8914
66.9698, 17.0135
67.2866, 17.1357
67.2887, 17.2582
67.6055, 17.3804
67.9224, 17.5025
67.9245, 17.6251
68.2413, 17.7473
68.5581, 17.8694
68.5602, 17.992
68.877, 18.1141
68.8791, 18.2367
69.196, 18.3588
69.198, 18.4814
69.5149, 18.6035
69.5169, 18.7261
69.8338, 18.8481
69.8357, 18.9708
70.1527, 19.093
70.1547, 19.2155
70.4716, 19.3377
70.4736, 19.4602
70.7905, 19.5824
70.7925, 19.7048
71.1094, 19.8271
71.1114, 19.9496
71.4283, 20.0718
71.4303, 20.1943
71.4324, 20.3169
71.7492, 20.439
71.7513, 20.5615
72.0681, 20.6837
72.0702, 20.8063
72.0723, 20.9287
72.3891, 21.051
72.3912, 21.1735
72.708, 21.2957
72.7101, 21.4182
73.0269, 21.5404
73.029, 21.663
73.031, 21.7854
73.3479, 21.9077
73.6646, 22.0298
73.6667, 22.1524
73.6688, 22.2749
73.9857, 22.3971
73.9877, 22.5196
74.3046, 22.6418
74.3066, 22.7643
74.6235, 22.8864
74.6255, 23.009
74.6276, 23.1316
74.9444, 23.2537
74.9465, 23.3763
75.2634, 23.4985
75.2654, 23.621
75.5823, 23.7431
75.5843, 23.8657
75.9012, 23.9879
75.9032, 24.1104
75.9053, 24.233
76.2221, 24.3551
76.2242, 24.4777
76.541, 24.5998
76.5431, 24.7224
76.8599, 24.8445
76.862, 24.967
76.8639, 25.0896
77.1809, 25.2118
77.1829, 25.3343
77.4998, 25.4565
77.5019, 25.579
77.5039, 25.7016
77.8208, 25.8237
77.8228, 25.9463
78.1397, 26.0685
78.1417, 26.191
78.4586, 26.3132
78.4606, 26.4357
78.7774, 26.5579
78.7795, 26.6804
78.7816, 26.803
79.0984, 26.9251
79.1005, 27.0477
79.4173, 27.1698
79.4194, 27.2924
79.4214, 27.4149
79.7383, 27.5371
79.7404, 27.6596
80.0572, 27.7818
80.0593, 27.9043
80.0613, 28.0269
80.3782, 28.149
80.3801, 28.2716
80.6971, 28.3938
80.6991, 28.5163
80.7012, 28.6388
81.016, 28.6385
81.018, 28.761
