-100.1832, -51.0949
-99.8086, -51.1031
-99.434, -51.1113
-99.0554, -52.2186
-98.6808, -52.2268
-98.3021, -53.334
-97.9276, -53.3423
-97.5489, -54.4495
-97.1702, -55.5567
-96.7955, -55.5649
-96.417, -56.6722
-96.0383, -57.7793
-95.6637, -57.7875
-95.285, -58.8948
-94.9104, -58.9031
-94.5318, -60.0103
-94.1531, -61.1175
-93.7744, -62.2247
-93.3999, -62.233
-93.0212, -63.3402
-92.6425, -64.4474
-92.268, -64.4556
-91.8893, -65.5629
-91.5147, -65.5711
-91.1402, -65.5793
-90.7656, -65.5876
-90.3869, -66.6947
-90.0123, -66.7029
-89.6378, -66.7113
-89.2591, -67.8185
-88.8845, -67.8267
-88.51, -67.8349
-88.1354, -67.8432
-87.7609, -67.8514
-87.3862, -67.8596
-87.0117, -67.8679
-86.6372, -67.8761
-86.2626, -67.8843
-85.888, -67.8925
-85.5135, -67.9008
-85.1389, -67.909
-84.7644, -67.9173
-84.3939, -66.8265
-84.0193, -66.8347
-83.6448, -66.843
-83.2743, -65.7522
-82.8998, -65.7604
-82.5252, -65.7687
-82.1506, -65.7769
-81.7802, -64.6861
-81.4056, -64.6944
-81.0311, -64.7026
-80.6606, -63.6118
-80.2861, -63.62
-79.9156, -62.5293
-79.5452, -61.4386
-79.1706, -61.4468
-78.8002, -60.3559
-78.4297, -59.2652
-78.0593, -58.1745
-77.6888, -57.0838
-77.3184, -55.9929
-77.3225, -54.894
-76.952, -53.8033
-76.5816, -52.7125
-76.2112, -51.6217
-75.8407, -50.531
-75.4703, -49.4402
-75.0998, -48.3495
-75.1039, -47.2505
-75.108, -46.1515
-75.1122, -45.0525
-75.1163, -43.9535
-74.7458, -42.8627
-74.3754, -41.772
-74.0049, -40.6812
-73.6345, -39.5905
-73.264, -38.4997
-72.8936, -37.4089
-72.5232, -36.3182
-72.1527, -35.2274
-71.7823, -34.1367
-71.4118, -33.0459
-71.0414, -31.955
-70.6667, -31.9634
-70.2922, -31.9716
-69.9177, -31.9798
-69.5431, -31.9881
-69.1727, -30.8973
-68.7981, -30.9055
-68.4235, -30.9138
-68.0531, -29.823
-67.6785, -29.8312
-67.304, -29.8395
-66.9335, -28.7487
-66.559, -28.7569
-66.1844, -28.7652
-65.814, -27.6743
-65.4394, -27.6827
-65.0648, -27.6909
-64.6944, -26.6
-64.3197, -26.6084
-63.9453, -26.6166
-63.5748, -25.5258
-63.2002, -25.5341
-62.8256, -25.5423
-62.4552, -24.4515
-62.0807, -24.4598
-61.7061, -24.468
-61.3357, -23.3772
-60.9611, -23.3855
-60.5865, -23.3937
-60.2161, -22.3029
-59.8415, -22.3112
-59.467, -22.3194
-59.0965, -21.2286
-58.722, -21.2368
-58.3474, -21.2451
-57.9727, -21.2533
-57.6024, -20.1626
-57.2278, -20.1708
-56.8533, -20.179
-56.4787, -20.1873
-56.1083, -19.0965
-55.7337, -19.1048
-55.3591, -19.113
-54.9846, -19.1212
-54.6141, -18.0305
-54.2396, -18.0387
-53.865, -18.0469
-53.4904, -18.0552
-53.1159, -18.0634
-52.7454, -16.9726
-52.3709, -16.9809
-51.9963, -16.9891
-51.6217, -16.9973
-51.2472, -17.0056
-50.8726, -17.0138
-50.498, -17.022
-50.1276, -15.9313
-49.753, -15.9395
-49.3785, -15.9477
-49.0039, -15.956
-48.6293, -15.9642
-48.2548, -15.9724
-47.8801, -15.9807
-47.5057, -15.9889
-47.1311, -15.9971
-46.7565, -16.0054
-46.382, -16.0136
-46.0074, -16.0218
-45.6328, -16.03
-45.2583, -16.0383
-44.8837, -16.0465
-44.5133, -14.9558
-44.1387, -14.964
-43.7641, -14.9722
-43.3896, -14.9804
-43.015, -14.9887
-42.6404, -14.9969
-42.2659, -15.0051
-41.8913, -15.0134
-41.5168, -15.0216
-41.1421, -15.0298
-40.7718, -13.9391
-40.3972, -13.9473
-40.0226, -13.9555
-39.6481, -13.9638
-39.2735, -13.972
-38.899, -13.9802
-38.5244, -13.9885
-38.1498, -13.9967
-37.7793, -12.9059
-37.4048, -12.9142
-37.0303, -12.9224
-36.6557, -12.9306
-36.2811, -12.9388
-35.9066, -12.9471
-35.532, -12.9553
-35.1574, -12.9636
-34.7829, -12.9718
-34.4123, -11.881
-34.0379, -11.8893
-33.6633, -11.8975
-33.2887, -11.9057
-32.9142, -11.914
-32.5396, -11.9222
-32.1651, -11.9304
-31.7905, -11.9386
-31.42, -10.8479
-31.0455, -10.8561
-30.6709, -10.8643
-30.2964, -10.8726
-29.9218, -10.8808
-29.5472, -10.8891
-29.1727, -10.8973
-28.7981, -10.9055
-28.4277, -9.8148
-28.0531, -9.823
-27.6785, -9.8312
-27.304, -9.8395
-26.9294, -9.8477
-26.5548, -9.8559
-26.1803, -9.8641
-25.8056, -9.8723
-25.4312, -9.8806
-25.0566, -9.8889
-24.682, -9.8971
-24.3115, -8.8063
-23.937, -8.8146
-23.5625, -8.8228
-23.1879, -8.831
-22.8133, -8.8393
-22.4388, -8.8475
-22.0642, -8.8557
-21.6896, -8.8639
-21.3151, -8.8721
-20.9405, -8.8803
-20.5659, -8.8887
-20.1914, -8.8969
-19.8168, -8.9051
-19.4464, -7.8144
-19.0718, -7.8226
-18.6973, -7.8308
-18.3227, -7.8391
-17.9481, -7.8473
-17.5735, -7.8555
-17.199, -7.8638
-16.8244, -7.8719
-16.454, -6.7812
-16.0794, -6.7894
-15.7048, -6.7976
-15.3303, -6.8058
-14.9558, -6.8142
-14.5812, -6.8224
-14.2107, -5.7316
-13.8362, -5.7399
-13.4616, -5.7481
-13.0871, -5.7563
-12.7125, -5.7646
-12.3378, -5.7728
-11.9675, -4.682
-11.5929, -4.6903
-11.2184, -4.6985
-10.8437, -4.7067
-10.4692, -4.7149
-10.0947, -4.7231
-9.7242, -3.6324
-9.3497, -3.6407
-8.975, -3.6489
-8.6005, -3.6571
-8.226, -3.6654
-7.8555, -2.5746
-7.4809, -2.5828
-7.1064, -2.5911
-6.7318, -2.5993
-6.3573, -2.6075
-5.9868, -1.5168
-5.6122, -1.525
-5.2377, -1.5332
-4.8631, -1.5415
-4.4886, -1.5497
-4.114, -1.5579
-3.7395, -1.5662
-3.369, -0.4754
-2.9944, -0.4836
-2.6199, -0.4919
-2.2453, -0.5001
-1.8708, -0.5083
-1.4962, -0.5166
-1.1216, -0.5248
-0.7511, 0.5659
-0.3766, 0.5577
-2.058e-3, 0.5495
0.3725, 0.5413
0.7471, 0.533
1.1216, 0.5248
1.4962, 0.5166
1.8708, 0.5083
2.2453, 0.5001
2.6158, 1.5909
2.9903, 1.5826
3.3649, 1.5744
3.7395, 1.5662
4.114, 1.5579
4.4886, 1.5497
4.8631, 1.5415
5.2377, 1.5332
5.6122, 1.525
5.9827, 2.6158
6.3573, 2.6075
6.7318, 2.5993
7.1064, 2.5911
7.4809, 2.5828
7.8555, 2.5746
8.2301, 2.5664
8.6047, 2.5581
8.9792, 2.5499
9.3497, 3.6407
9.7242, 3.6324
10.0988, 3.6242
10.4733, 3.616
10.8479, 3.6077
11.2225, 3.5995
11.5929, 4.6903
11.9675, 4.682
12.342, 4.6738
12.7166, 4.6656
13.0912, 4.6573
13.4657, 4.6491
13.8362, 5.7399
14.2107, 5.7316
14.5853, 5.7234
14.9599, 5.7151
15.3303, 6.8058
15.7048, 6.7976
16.0794, 6.7894
16.454, 6.7812
16.8244, 7.8719
17.199, 7.8638
17.5735, 7.8555
17.944, 8.9463
18.3186, 8.9381
18.6931, 8.9298
19.0677, 8.9216
19.4382, 10.0123
19.8127, 10.0041
20.1873, 9.9959
20.5577, 11.0866
20.9323, 11.0784
21.3069, 11.0702
21.6773, 12.1609
22.0519, 12.1527
22.4223, 13.2435
22.7969, 13.2352
23.1714, 13.227
23.5419, 14.3178
23.9163, 14.3094
24.291, 14.3013
24.6615, 15.3921
25.036, 15.3838
25.4064, 16.4746
25.781, 16.4664
26.1556, 16.4581
26.526, 17.5489
26.9005, 17.5406
27.2752, 17.5324
27.6456, 18.6232
28.0202, 18.6149
28.3906, 19.7057
28.7652, 19.6975
29.1397, 19.6892
29.5102, 20.78
29.8847, 20.7718
30.2551, 21.8625
30.6298, 21.8542
31.0043, 21.846
31.3748, 22.9367
31.7492, 22.9285
32.1198, 24.0193
32.4943, 24.0111
32.8689, 24.0029
33.2435, 23.9946
33.6139, 25.0854
33.9885, 25.0772
33.9844, 26.1762
34.3589, 26.1679
34.7294, 27.2587
35.0998, 28.3495
35.4744, 28.3412
35.8489, 28.333
36.2194, 29.4237
36.5897, 30.5145
36.9603, 31.6053
37.3348, 31.597
37.7053, 32.6878
38.0799, 32.6796
38.4503, 33.7703
38.8249, 33.7621
39.1994, 33.7539
39.5699, 34.8446
39.9403, 35.9354
40.3108, 37.0261
40.6853, 37.0179
41.0599, 37.0097
41.4303, 38.1004
41.8008, 39.1912
42.1712, 40.282
42.5457, 40.2737
42.9162, 41.3645
43.2908, 41.3562
43.6654, 41.3479
44.0358, 42.4388
44.4104, 42.4304
44.4062, 43.5295
44.7808, 43.5213
45.1513, 44.612
45.5258, 44.6038
45.8963, 45.6945
46.2708, 45.6864
46.6454, 45.6781
47.0158, 46.7689
47.3904, 46.7607
47.3862, 47.8596
47.7609, 47.8514
48.1313, 48.9422
48.5017, 50.0329
48.8763, 50.0247
49.2468, 51.1155
49.6213, 51.1072
49.9959, 51.099
49.9918, 52.198
50.3622, 53.2887
50.7368, 53.2805
51.1113, 53.2723
51.4818, 54.363
51.8563, 54.3548
52.2268, 55.4456
52.5972, 56.5363
52.9718, 56.5281
53.3423, 57.6189
53.7127, 58.7096
54.0873, 58.7014
54.4577, 59.7921
54.8282, 60.8829
55.1985, 61.9737
55.5732, 61.9654
55.9436, 63.0562
56.3141, 64.1469
56.6844, 65.2377
57.0591, 65.2295
57.4295, 66.3202
57.8, 67.411
58.1703, 68.5017
58.5409, 69.5925
58.9113, 70.6833
59.2859, 70.675
59.6562, 71.7658
60.0268, 72.8566
60.3972, 73.9473
60.7675, 75.0381
61.1381, 76.1288
61.5085, 77.2196
61.8831, 77.2114
62.2536, 78.3021
62.624, 79.3929
62.9944, 80.4836
63.3649, 81.5744
63.7353, 82.6652
64.1058, 83.7559
64.4803, 83.7477
64.8508, 84.8384
65.2212, 85.9292
65.5917, 87.02
65.9621, 88.1107
66.3326, 89.2015
66.7071, 89.1932
67.0776, 90.284
67.448, 91.3748
67.8185, 92.4655
68.1889, 93.5563
68.5594, 94.647
68.9298, 95.7378
69.3003, 96.8286
69.6747, 96.8203
70.0453, 97.9111
70.4157, 99.0019
70.7862, 100.0926
71.1566, 101.1834
71.5271, 102.2741
71.8975, 103.3649
72.268, 104.4556
72.6383, 105.5464
72.6343, 106.6454
73.0088, 106.6372
73.3793, 107.7279
73.3752, 108.8269
73.7456, 109.9177
74.1202, 109.9094
74.1161, 111.0084
74.4865, 112.0992
74.4824, 113.1982
74.857, 113.19
74.8529, 114.2889
75.2233, 115.3797
75.2192, 116.4787
75.5937, 116.4705
75.9642, 117.5612
75.9601, 118.6602
76.3305, 119.751
76.701, 120.8417
77.0714, 121.9325
77.4419, 123.0233
77.8123, 124.114
78.1828, 125.2048
78.5532, 126.2955
78.9236, 127.3862
79.2941, 128.4771
79.6644, 129.5678
80.035, 130.6585
80.4054, 131.7492
80.78, 131.741
80.7759, 132.8401
81.1504, 132.8319
81.1463, 133.9308
81.5209, 133.9226
81.5168, 135.0216
81.8913, 135.0134
82.2659, 135.0051
82.6362, 136.0959
83.0068, 137.1867
83.3772, 138.2774
83.7477, 139.3682
84.1181, 140.4588
84.4886, 141.5497
84.859, 142.6404
85.2295, 143.7311
85.5998, 144.822
85.5958, 145.921
85.9662, 147.0117
85.9621, 148.1107
86.3367, 148.1025
86.3326, 149.2015
86.7029, 150.2922
86.6989, 151.3912
87.0694, 152.482
87.4398, 153.5728
87.4357, 154.6717
87.4316, 155.7707
87.802, 156.8615
88.1724, 157.9523
88.5429, 159.043
88.9134, 160.1338
88.9092, 161.2328
89.2797, 162.3235
89.6501, 163.4143
90.0206, 164.505
90.0165, 165.604
90.3869, 166.6947
90.7574, 167.7856
91.1278, 168.8763
91.1237, 169.9752
91.4983, 169.967
91.8687, 171.0578
91.8646, 172.1568
92.2349, 173.2476
92.6096, 173.2393
92.6055, 174.3383
92.9759, 175.4291
92.9718, 176.5281
93.3423, 177.6189
93.3381, 178.7178
93.7127, 178.7096
93.7086, 179.8086
94.079, 180.8994
94.0749, 181.9984
94.4454, 183.0891
94.4412, 184.1881
94.8117, 185.2789
94.8075, 186.3779
95.178, 187.4686
